0 3.4449760765550e-02 3.1578947368421e-03 4.7655502392345e-02 5.1674641148325e-03 4.4019138755981e-03 5.0717703349282e-03 1.0057416267943e-01 6.5071770334928e-03 1.9712918660287e-02 2.8708133971292e-03 8.3253588516746e-03 2.1913875598086e-02 1.1464114832536e-01 3.8277511961723e-03 5.7416267942584e-03 1.4928229665072e-02 2.2966507177034e-03 2.3923444976077e-03 4.8803827751196e-03 4.5358851674641e-02 9.8564593301435e-03 1.7224880382775e-03 3.2535885167464e-03 4.6889952153110e-03 5.2660287081340e-01 
1 1.6374269005848e-03 1.4035087719298e-03 1.7543859649123e-03 1.4035087719298e-03 1.6374269005848e-03 1.5204678362573e-03 1.1695906432749e-03 1.2865497076023e-03 1.4035087719298e-03 1.9883040935672e-03 1.2865497076023e-03 6.6666666666667e-03 1.1695906432749e-03 5.0292397660819e-03 3.0409356725146e-03 1.4035087719298e-03 1.5204678362573e-03 1.4035087719298e-03 1.5204678362573e-03 1.7543859649123e-03 4.6409356725146e-01 1.4035087719298e-03 1.6374269005848e-03 1.1695906432749e-03 4.9169590643275e-01 
2 3.8095238095238e-03 6.0317460317460e-03 4.1269841269841e-03 5.3968253968254e-03 4.4444444444444e-03 3.4920634920635e-03 4.7619047619048e-03 4.4444444444444e-03 3.8095238095238e-03 5.0793650793651e-03 4.4444444444444e-03 9.7460317460317e-02 4.4444444444444e-03 3.8095238095238e-03 5.3968253968254e-03 1.2063492063492e-02 5.3968253968254e-03 3.1746031746032e-03 2.3809523809524e-02 3.0158730158730e-02 5.0793650793651e-03 2.2222222222222e-01 4.1269841269841e-03 3.4920634920635e-03 5.2952380952381e-01 
3 1.9086757990868e-02 2.1917808219178e-03 1.5525114155251e-03 5.0228310502283e-03 2.1004566210046e-03 1.4611872146119e-03 4.6575342465753e-03 1.6438356164384e-03 1.0958904109589e-03 1.4885844748858e-02 1.1050228310502e-02 1.1872146118721e-03 3.0136986301370e-03 1.1936073059361e-01 8.6757990867580e-03 5.3881278538813e-03 7.4885844748858e-03 2.7397260273973e-03 1.3698630136986e-03 2.8310502283105e-03 1.1689497716895e-02 1.5525114155251e-03 1.3698630136986e-03 2.2831050228311e-03 7.6630136986301e-01 
4 1.5267175572519e-03 1.5267175572519e-03 2.2900763358779e-03 2.1374045801527e-03 1.9847328244275e-03 1.6793893129771e-03 1.6793893129771e-03 1.1908396946565e-02 2.1374045801527e-03 1.5267175572519e-03 2.1374045801527e-03 1.5267175572519e-03 1.5267175572519e-03 2.5954198473282e-03 1.5267175572519e-03 1.5267175572519e-03 1.9847328244275e-03 1.9847328244275e-03 1.1984732824427e-01 3.0076335877863e-01 1.9847328244275e-03 5.6488549618321e-03 2.9007633587786e-03 2.5954198473282e-03 5.2305343511450e-01 
5 5.3846153846154e-02 1.7813765182186e-03 3.0769230769231e-03 1.6194331983806e-03 1.5141700404858e-02 4.7773279352227e-03 1.8623481781377e-03 1.1336032388664e-03 8.3400809716599e-03 1.5004048582996e-01 3.0769230769231e-03 1.7813765182186e-03 8.3886639676113e-02 8.0971659919028e-03 9.2307692307692e-03 4.1295546558704e-03 2.1052631578947e-03 2.1214574898785e-02 1.7813765182186e-03 1.6194331983806e-03 4.3076923076923e-02 1.4574898785425e-03 5.6680161943320e-03 2.3481781376518e-03 5.6890688259109e-01 
6 2.7772020725389e-02 1.2424870466321e-01 1.1347150259067e-01 2.6528497409326e-02 2.1761658031088e-03 8.7046632124352e-03 2.2797927461140e-03 2.8186528497409e-02 2.2797927461140e-03 4.9740932642487e-03 7.4611398963731e-03 5.5958549222798e-03 2.6943005181347e-03 5.4922279792746e-03 6.0414507772021e-02 4.1450777202072e-03 3.1088082901554e-03 3.5233160621762e-02 5.4922279792746e-03 2.5906735751295e-03 1.3471502590674e-03 2.1761658031088e-03 3.3160621761658e-03 1.7305699481865e-02 5.0300518134715e-01 
7 1.9847328244275e-03 2.4427480916030e-03 1.6793893129771e-03 1.9847328244275e-03 1.6793893129771e-03 2.2900763358779e-03 2.5954198473282e-03 2.2900763358779e-03 1.6793893129771e-03 4.7328244274809e-03 1.9847328244275e-03 4.7328244274809e-03 3.5114503816794e-03 2.2900763358779e-03 3.8778625954198e-02 3.2061068702290e-03 2.1374045801527e-03 4.8854961832061e-03 1.1267175572519e-01 3.2061068702290e-03 3.9389312977099e-02 1.6793893129771e-03 1.8320610687023e-03 1.8320610687023e-03 7.5450381679389e-01 
8 8.2191780821918e-03 1.6118721461187e-01 7.3059360730594e-03 1.5525114155251e-03 4.0182648401827e-03 1.4611872146119e-03 1.8264840182648e-03 1.8995433789954e-02 2.5570776255708e-03 1.3771689497717e-01 3.2876712328767e-03 1.4611872146119e-03 3.6529680365297e-03 4.3835616438356e-03 2.5570776255708e-03 2.5570776255708e-03 5.2054794520548e-03 6.1187214611872e-03 2.1917808219178e-03 2.8310502283105e-03 1.4611872146119e-03 1.9178082191781e-03 2.6484018264840e-03 2.3744292237443e-03 6.1251141552511e-01 
9 3.7209302325581e-03 3.7209302325581e-03 7.0697674418605e-03 2.1395348837209e-03 9.3023255813954e-04 1.3953488372093e-03 2.3255813953488e-03 1.3953488372093e-03 1.3953488372093e-03 1.6697674418605e-01 2.0465116279070e-03 3.9069767441860e-03 1.3023255813953e-03 4.2790697674419e-03 4.0930232558139e-03 1.1162790697674e-03 9.6744186046512e-03 2.1395348837209e-03 5.3023255813953e-03 1.9534883720930e-03 6.1302325581395e-02 1.3953488372093e-03 1.0232558139535e-03 1.1162790697674e-03 7.0827906976744e-01 
10 3.5193133047210e-03 5.4935622317597e-03 5.7510729613734e-03 1.3733905579399e-03 1.9982832618026e-01 1.8497854077253e-01 2.2317596566524e-03 2.8326180257511e-03 8.6695278969957e-03 6.5236051502146e-03 7.1244635193133e-03 2.3175965665236e-03 1.5965665236052e-02 1.8884120171674e-03 2.7210300429185e-02 1.2188841201717e-02 2.2317596566524e-03 9.4420600858369e-03 1.0300429184549e-03 1.3733905579399e-03 8.4120171673820e-03 1.1158798283262e-03 4.8068669527897e-03 2.0171673819742e-02 4.6351931330472e-01 
11 1.9234449760766e-02 3.5406698564593e-03 4.6889952153110e-03 1.8181818181818e-03 4.4019138755981e-03 2.0095693779904e-03 1.1483253588517e-03 1.5311004784689e-03 1.4354066985646e-03 1.0641148325359e-01 1.8181818181818e-03 2.4880382775120e-03 1.1483253588517e-03 4.3444976076555e-02 2.6794258373206e-03 2.8708133971292e-03 1.0334928229665e-02 2.5933014354067e-02 2.4784688995215e-02 1.8660287081340e-02 3.1961722488038e-02 4.1148325358852e-03 2.6794258373206e-03 1.7224880382775e-03 6.7913875598086e-01 
12 1.3397129186603e-02 7.5406698564593e-02 2.5454545454545e-02 2.8708133971292e-03 8.2296650717703e-03 1.4162679425837e-02 1.4928229665072e-02 2.8708133971292e-03 1.0334928229665e-02 1.8181818181818e-03 1.4162679425837e-02 2.2966507177034e-03 1.4354066985646e-03 1.1578947368421e-02 1.2985645933014e-01 1.9138755980861e-03 2.2009569377990e-03 9.5693779904306e-03 6.8899521531100e-03 7.5598086124402e-03 2.3923444976077e-03 3.9234449760766e-03 8.9952153110047e-03 1.7129186602871e-02 6.1062200956938e-01 
13 2.3423423423423e-03 4.5045045045045e-03 2.8828828828829e-03 2.1621621621622e-03 2.5225225225225e-03 1.8018018018018e-03 1.9819819819820e-03 4.5045045045045e-03 6.4864864864865e-03 2.7027027027027e-03 4.1441441441441e-03 5.4054054054054e-03 2.4054054054054e-01 2.1621621621622e-03 2.7027027027027e-03 1.8018018018018e-03 3.0630630630631e-03 2.3423423423423e-03 1.9819819819820e-03 1.8018018018018e-03 7.8738738738739e-02 2.1621621621622e-03 2.6666666666667e-02 4.1441441441441e-03 5.9045045045045e-01 
14 5.0224215246637e-03 4.5381165919283e-02 6.3677130044843e-02 2.4215246636771e-03 1.3452914798206e-03 6.0986547085202e-03 1.4349775784753e-01 1.5246636771300e-03 2.7802690582960e-03 5.6053811659193e-02 3.5874439461883e-03 2.0627802690583e-03 3.5874439461883e-03 1.5246636771300e-03 2.0269058295964e-02 9.8654708520179e-04 1.8834080717489e-03 2.7802690582960e-03 2.2421524663677e-03 3.1390134529148e-03 1.4349775784753e-03 2.5112107623318e-03 1.2645739910314e-02 9.8654708520179e-03 6.0367713004484e-01 
15 2.2222222222222e-03 2.0202020202020e-03 2.2222222222222e-03 3.2323232323232e-03 2.2222222222222e-03 3.4343434343434e-03 2.2222222222222e-03 2.6262626262626e-03 2.0202020202020e-03 2.0202020202020e-03 3.2323232323232e-03 2.4242424242424e-03 2.2222222222222e-03 2.6262626262626e-03 2.4242424242424e-03 5.6565656565657e-03 1.3939393939394e-02 4.2424242424242e-03 2.8282828282828e-03 2.4242424242424e-03 6.4565656565657e-01 2.2222222222222e-03 2.0202020202020e-03 1.1515151515152e-02 2.7232323232323e-01 
16 1.4659685863874e-03 1.2565445026178e-03 1.5706806282722e-03 3.0052356020942e-02 2.4083769633508e-03 1.2565445026178e-03 1.2565445026178e-03 1.3612565445026e-03 7.6439790575916e-03 1.8848167539267e-03 2.1884816753927e-02 1.0471204188482e-03 1.1518324607330e-03 2.2931937172775e-02 1.2041884816754e-02 2.9319371727749e-03 1.3612565445026e-02 1.3612565445026e-03 5.7591623036649e-03 1.6753926701571e-03 1.4659685863874e-03 1.1518324607330e-03 2.0942408376963e-03 2.6178010471204e-03 8.5811518324607e-01 
17 3.0107526881720e-03 2.7956989247312e-03 2.5806451612903e-03 3.0107526881720e-03 2.7956989247312e-03 2.7956989247312e-03 3.0107526881720e-03 2.5806451612903e-03 2.1505376344086e-03 2.3655913978495e-03 2.3655913978495e-03 3.4408602150538e-03 3.2258064516129e-03 2.5806451612903e-03 2.7956989247312e-03 6.6666666666667e-03 3.0107526881720e-03 2.3655913978495e-03 1.0516129032258e-01 2.5870967741935e-01 3.2043010752688e-02 3.0107526881720e-03 3.0107526881720e-03 4.5161290322581e-03 5.4000000000000e-01 
18 8.9867841409692e-03 2.2907488986784e-03 2.7312775330396e-03 2.6431718061674e-03 1.6651982378855e-02 4.9339207048458e-03 7.2246696035242e-03 2.6431718061674e-03 1.9295154185022e-02 1.2325991189427e-01 5.0837004405286e-02 4.5814977973568e-03 2.0528634361233e-02 8.5462555066079e-03 4.3171806167401e-03 1.4096916299559e-03 1.4096916299559e-03 1.5859030837004e-03 3.7885462555066e-03 1.4096916299559e-03 2.2026431718062e-03 1.3215859030837e-03 2.8193832599119e-03 4.9339207048458e-03 6.9964757709251e-01 
19 1.3173652694611e-03 1.9161676646707e-03 2.5149700598802e-03 1.3173652694611e-03 1.4371257485030e-03 2.6347305389222e-03 1.1976047904192e-03 1.9161676646707e-03 1.1976047904192e-03 2.7544910179641e-03 1.5568862275449e-03 2.6347305389222e-03 2.3712574850299e-02 1.9161676646707e-03 4.3113772455090e-03 3.0538922155689e-02 1.9161676646707e-03 1.7964071856287e-03 3.4730538922156e-03 3.0467065868263e-01 2.7185628742515e-02 2.0167664670659e-01 1.6766467065868e-03 2.2754491017964e-03 3.7245508982036e-01 
20 8.4637681159420e-02 6.8599033816425e-03 9.9516908212560e-03 2.5120772946860e-03 1.4975845410628e-02 3.3816425120773e-03 8.5893719806763e-02 3.2946859903382e-02 8.1545893719807e-02 1.6425120772947e-03 5.6908212560386e-02 3.6714975845411e-03 4.6376811594203e-03 4.3478260869565e-03 1.5169082125604e-02 9.9516908212560e-03 1.9323671497585e-03 3.6714975845411e-03 6.1835748792271e-03 1.9323671497585e-03 6.0869565217391e-03 2.2222222222222e-03 2.0676328502415e-02 8.0483091787440e-02 4.5777777777778e-01 
21 5.6410256410256e-03 4.2735042735043e-03 1.2307692307692e-02 6.1538461538461e-03 2.3931623931624e-03 4.4444444444444e-03 2.7350427350427e-03 6.8376068376068e-03 1.8803418803419e-03 3.5897435897436e-03 2.7350427350427e-03 2.5641025641026e-03 1.8803418803419e-03 5.4700854700855e-03 3.4188034188034e-03 1.3333333333333e-02 3.0769230769231e-03 1.8803418803419e-03 5.8119658119658e-03 9.6923076923077e-02 7.0085470085470e-03 3.3726495726496e-01 7.0769230769231e-02 2.9059829059829e-03 3.9470085470085e-01 
22 3.2911392405063e-03 2.7848101265823e-03 3.2911392405063e-03 3.5443037974684e-03 3.0379746835443e-03 2.5316455696203e-03 4.0506329113924e-03 5.8227848101266e-03 2.5316455696203e-03 3.0379746835443e-03 2.5316455696203e-03 2.7848101265823e-03 2.5316455696203e-03 7.8481012658228e-03 3.5443037974684e-03 3.5443037974684e-03 4.5569620253165e-03 4.3037974683544e-03 8.3544303797468e-03 3.2911392405063e-03 3.2911392405063e-03 2.7848101265823e-03 3.7113924050633e-01 2.7848101265823e-03 5.4278481012658e-01 
23 1.3714285714286e-03 5.6000000000000e-03 1.2571428571429e-03 1.8285714285714e-03 1.6000000000000e-03 1.7142857142857e-03 2.2857142857143e-03 1.9428571428571e-03 1.2571428571429e-03 1.2571428571429e-03 1.8285714285714e-03 2.7428571428571e-03 6.1714285714286e-03 1.3714285714286e-03 1.7142857142857e-03 7.7714285714286e-03 5.3714285714286e-03 1.8742857142857e-02 1.4857142857143e-03 1.6000000000000e-03 5.0285714285714e-02 2.3520000000000e-01 1.4400000000000e-02 1.4857142857143e-03 6.2971428571429e-01 
24 2.1600000000000e-02 5.3333333333333e-03 1.9555555555556e-03 1.7244444444444e-02 8.8355555555555e-02 5.7777777777778e-03 2.9333333333333e-03 3.2888888888889e-03 1.8666666666667e-03 6.5777777777778e-03 6.6666666666667e-03 3.3777777777778e-03 1.9555555555556e-03 1.6000000000000e-03 9.3155555555555e-02 5.5111111111111e-03 4.8000000000000e-03 6.2222222222222e-03 4.0888888888889e-03 2.3111111111111e-03 9.6000000000000e-03 4.3555555555556e-03 2.0444444444444e-03 1.5440000000000e-01 5.4497777777778e-01 
25 2.7397260273973e-03 4.6575342465753e-03 4.1095890410959e-03 3.5616438356164e-03 4.3835616438356e-03 2.7397260273973e-03 6.5753424657534e-03 4.3835616438356e-03 3.2876712328767e-03 3.5616438356164e-03 3.5616438356164e-03 9.3150684931507e-03 2.7397260273973e-03 2.7397260273973e-03 3.0136986301370e-03 8.7671232876712e-02 3.5616438356164e-03 3.0136986301370e-03 3.2876712328767e-03 3.2876712328767e-03 3.0136986301370e-03 1.2383561643836e-01 5.4246575342466e-02 3.2876712328767e-03 6.5342465753425e-01 
26 9.5813953488372e-03 9.3953488372093e-03 3.5348837209302e-02 1.5813953488372e-03 2.6976744186046e-03 1.4418604651163e-02 1.4883720930233e-03 1.7851162790698e-01 5.0232558139535e-03 9.3023255813954e-03 2.0465116279070e-03 4.6883720930233e-02 1.4790697674419e-02 2.1395348837209e-03 7.5627906976744e-02 3.7023255813953e-02 1.5813953488372e-03 3.7209302325581e-03 2.1116279069767e-02 8.1860465116279e-03 1.0232558139535e-03 3.2558139534884e-03 1.0046511627907e-02 1.0697674418605e-02 4.9451162790698e-01 
27 4.9275362318841e-03 4.9275362318841e-03 3.1884057971015e-03 6.3768115942029e-03 2.8985507246377e-03 3.1884057971015e-03 3.4782608695652e-03 4.3478260869565e-03 8.4057971014493e-03 3.1884057971015e-03 3.1884057971015e-03 5.2173913043478e-03 4.6376811594203e-03 2.8985507246377e-03 2.8985507246377e-03 5.5072463768116e-03 3.1884057971015e-03 2.8985507246377e-03 2.8985507246377e-03 3.1884057971015e-03 4.0086956521739e-01 3.1884057971015e-03 9.5652173913044e-03 3.7681159420290e-03 5.0115942028985e-01 
28 5.1327433628319e-03 3.0088495575221e-03 2.1238938053097e-03 2.1238938053097e-03 2.4778761061947e-03 2.6548672566372e-03 2.1238938053097e-03 1.9469026548673e-03 2.4778761061947e-03 2.1238938053097e-03 1.9469026548673e-03 4.0707964601770e-03 7.2566371681416e-03 2.1238938053097e-03 5.8407079646018e-03 2.6548672566372e-03 8.6548672566372e-02 3.0088495575221e-03 2.4778761061947e-03 2.1238938053097e-03 2.3805309734513e-01 2.1238938053097e-03 6.1946902654867e-03 2.3008849557522e-03 6.0707964601770e-01 
29 2.2764227642276e-03 2.2764227642276e-03 2.4390243902439e-03 3.4146341463415e-03 4.3902439024390e-03 3.7398373983740e-03 1.9512195121951e-03 6.8292682926829e-03 4.2276422764228e-03 2.6016260162602e-03 4.2276422764228e-03 8.9430894308943e-03 1.3008130081301e-02 2.8780487804878e-02 2.6016260162602e-03 1.4845528455285e-01 4.7154471544716e-03 6.3414634146341e-03 1.1056910569106e-02 1.1707317073171e-02 1.9186991869919e-02 1.4796747967480e-02 5.3658536585366e-03 3.3658536585366e-02 6.5300813008130e-01 
30 3.1168831168831e-03 2.8571428571429e-03 3.8961038961039e-03 3.1168831168831e-03 3.6363636363636e-03 2.5974025974026e-03 3.1168831168831e-03 3.1168831168831e-03 3.1168831168831e-03 4.4155844155844e-03 4.4155844155844e-03 3.8961038961039e-03 3.8961038961039e-03 2.5974025974026e-03 3.1168831168831e-03 6.4935064935065e-03 9.8961038961039e-02 4.6753246753247e-03 1.8701298701299e-02 3.3766233766234e-03 1.6987012987013e-01 3.1168831168831e-03 3.6363636363636e-03 4.4155844155844e-03 6.3584415584416e-01 
31 4.6806282722513e-02 5.2356020942408e-03 1.3403141361257e-02 1.1518324607330e-03 2.3036649214660e-03 1.6753926701571e-03 1.9895287958115e-03 4.3979057591623e-03 9.6335078534032e-03 2.3036649214660e-03 2.6178010471204e-03 4.0837696335079e-03 4.9947643979058e-02 7.8534031413613e-03 9.3926701570681e-02 5.8638743455497e-03 1.8848167539267e-03 2.0942408376963e-03 3.1413612565445e-03 1.9895287958115e-03 5.1308900523560e-03 1.6753926701571e-03 1.7801047120419e-03 1.3947643979058e-01 5.8963350785340e-01 
32 1.2275132275132e-02 4.3386243386243e-03 2.6031746031746e-02 1.6931216931217e-03 1.5873015873016e-03 1.5873015873016e-03 1.8201058201058e-02 1.8306878306878e-02 1.6190476190476e-02 5.3968253968254e-03 1.1957671957672e-02 1.9047619047619e-03 8.4656084656085e-02 5.7142857142857e-03 4.0211640211640e-03 4.8783068783069e-02 1.9047619047619e-03 1.9047619047619e-03 3.5978835978836e-03 2.8571428571429e-03 4.0211640211640e-03 1.3756613756614e-03 1.0158730158730e-02 1.3492063492063e-01 5.7661375661376e-01 
33 3.0136986301370e-03 4.3835616438356e-03 3.5616438356164e-03 3.2876712328767e-03 3.2876712328767e-03 3.0136986301370e-03 3.2876712328767e-03 5.4794520547945e-03 3.2876712328767e-03 3.2876712328767e-03 4.3835616438356e-03 1.2191780821918e-01 9.7808219178082e-02 3.8356164383562e-03 2.7397260273973e-03 2.7397260273973e-02 3.5616438356164e-03 2.7397260273973e-03 4.9315068493151e-03 3.5616438356164e-03 4.9315068493151e-03 2.8383561643836e-01 1.9726027397260e-02 5.4794520547945e-03 3.7726027397260e-01 
34 2.2400000000000e-03 2.2400000000000e-03 3.0400000000000e-03 5.1200000000000e-03 2.0800000000000e-03 1.7600000000000e-03 1.9200000000000e-03 2.4000000000000e-03 1.6000000000000e-03 2.4000000000000e-03 1.7600000000000e-03 2.6560000000000e-02 3.0400000000000e-03 5.9520000000000e-02 3.2000000000000e-03 1.9200000000000e-03 1.6000000000000e-03 1.6000000000000e-03 2.5824000000000e-01 1.6512000000000e-01 4.8000000000000e-03 1.2480000000000e-02 1.7600000000000e-03 4.0000000000000e-03 4.2960000000000e-01 
35 2.4581005586592e-03 3.2402234636872e-03 4.2458100558659e-03 1.6201117318436e-02 1.2625698324022e-02 4.5810055865922e-03 2.9050279329609e-03 1.8994413407821e-03 3.9217877094972e-02 5.8100558659218e-03 1.6759776536313e-03 2.0446927374302e-02 6.4804469273743e-03 4.5027932960894e-02 4.3575418994413e-03 2.1229050279330e-03 3.9106145251397e-03 3.0167597765363e-03 4.0223463687151e-03 1.8994413407821e-03 2.0111731843575e-03 1.6759776536313e-03 1.4189944134078e-02 4.6368715083799e-02 7.4960893854749e-01 
36 4.2780748663102e-03 2.6737967914438e-03 5.5614973262032e-03 2.6737967914438e-03 2.2459893048128e-03 1.6042780748663e-03 5.2406417112300e-03 1.4973262032086e-03 1.2834224598930e-03 2.2459893048128e-03 2.5668449197861e-03 2.7807486631016e-03 3.4224598930481e-03 3.2085561497326e-02 2.3529411764706e-03 4.1711229946524e-03 5.4973262032085e-02 1.4973262032086e-03 1.2834224598930e-03 1.3903743315508e-03 7.0053475935829e-02 1.1764705882353e-03 1.7112299465241e-03 2.4598930481283e-03 7.8877005347594e-01 
37 3.2195121951219e-03 4.7804878048780e-03 5.0731707317073e-03 4.6829268292683e-03 3.8048780487805e-03 1.7560975609756e-03 6.2439024390244e-03 7.6097560975610e-03 6.1463414634146e-03 3.8439024390244e-02 5.7560975609756e-03 3.8048780487805e-03 1.9512195121951e-03 5.5609756097561e-03 4.1951219512195e-03 2.1951219512195e-02 1.1453658536585e-01 2.7317073170732e-03 4.4878048780488e-03 3.0243902439024e-03 7.3951219512195e-02 4.4878048780488e-03 5.2682926829268e-03 3.4146341463415e-03 6.6312195121951e-01 
38 2.8865979381443e-03 2.6804123711340e-03 2.2680412371134e-03 2.8865979381443e-03 2.4742268041237e-03 3.6907216494845e-02 2.4742268041237e-03 6.1855670103093e-03 4.3298969072165e-03 2.2680412371134e-03 2.8865979381443e-03 5.9793814432990e-03 2.4742268041237e-03 2.2680412371134e-03 2.6804123711340e-03 5.3608247422680e-03 1.8329896907217e-01 2.0618556701031e-03 3.2989690721649e-03 2.2061855670103e-02 3.5051546391753e-03 8.4536082474227e-03 2.6804123711340e-03 2.4742268041237e-03 6.8515463917526e-01 
39 2.4864864864865e-03 5.8378378378378e-03 5.1891891891892e-03 4.5405405405405e-03 8.3351351351351e-02 1.2972972972973e-03 1.5135135135135e-03 1.1935135135135e-01 1.6432432432432e-02 2.5945945945946e-03 1.2972972972973e-03 2.5945945945946e-03 2.3783783783784e-03 2.9189189189189e-03 2.1621621621622e-03 2.3783783783784e-03 6.9189189189189e-03 1.2972972972973e-03 2.0540540540541e-03 4.8648648648649e-03 1.4054054054054e-03 1.8378378378378e-03 2.0540540540541e-03 7.3513513513513e-02 6.4972972972973e-01 
40 7.4708171206226e-03 1.4785992217899e-03 1.2451361867704e-03 1.1673151750973e-03 1.6342412451362e-03 3.5252918287938e-02 1.2949416342412e-01 9.5875486381323e-02 1.0894941634241e-03 3.2607003891051e-02 4.3735408560311e-02 4.0466926070039e-03 6.7704280155642e-03 1.7120622568093e-03 1.8677042801556e-03 3.3929961089494e-02 1.3229571984436e-03 1.0894941634241e-03 2.3346303501946e-03 2.6459143968872e-03 9.3385214007782e-04 1.8677042801556e-03 1.0038910505837e-02 1.5175097276265e-02 5.6521400778210e-01 
41 1.9383259911894e-03 2.4669603524229e-03 2.2907488986784e-03 1.1682819383260e-01 1.4096916299559e-03 5.0220264317181e-03 3.3480176211454e-03 6.3436123348018e-03 2.5550660792952e-03 5.9030837004405e-03 1.2511013215859e-02 1.5859030837004e-03 9.4273127753304e-03 2.0264317180617e-03 1.8502202643172e-03 3.0220264317181e-02 4.7753303964758e-02 1.0572687224670e-03 1.0660792951542e-02 1.7621145374449e-03 1.2422907488987e-02 2.5550660792952e-03 1.1453744493392e-03 1.7356828193833e-02 6.9955947136564e-01 
42 3.3898305084746e-03 3.7288135593220e-03 3.3898305084746e-03 4.0677966101695e-03 7.1186440677966e-03 5.0847457627119e-03 3.7288135593220e-03 3.7288135593220e-03 6.1016949152542e-03 3.3898305084746e-03 4.0677966101695e-03 6.7796610169492e-03 5.4237288135593e-03 1.7288135593220e-02 4.0677966101695e-03 5.7627118644068e-03 5.4237288135593e-03 5.0847457627119e-02 6.1016949152542e-03 5.4237288135593e-03 1.6949152542373e-01 3.3898305084746e-03 8.8135593220339e-03 3.3898305084746e-03 6.6000000000000e-01 
43 1.2464454976303e-01 4.3033175355450e-02 6.9194312796209e-03 1.0710900473934e-02 3.4123222748815e-03 1.4312796208531e-02 8.8151658767773e-03 1.8862559241706e-02 4.9289099526066e-03 1.4218009478673e-03 5.4218009478673e-02 6.5402843601896e-03 2.5402843601896e-02 1.4218009478673e-03 1.2985781990521e-02 1.1848341232227e-02 1.8009478672986e-03 3.0331753554502e-03 8.3412322274882e-03 3.4597156398104e-02 1.9905213270142e-03 1.6113744075829e-03 1.5165876777251e-03 1.0521327014218e-02 5.8710900473934e-01 
44 1.8348623853211e-03 2.7522935779816e-03 2.3853211009174e-03 3.1192660550459e-03 2.0183486238532e-03 2.3853211009174e-03 2.2018348623853e-03 2.7522935779816e-03 2.0183486238532e-03 2.2018348623853e-03 2.3853211009174e-03 4.2201834862385e-03 2.5688073394495e-03 2.3853211009174e-03 2.2018348623853e-03 6.2385321100917e-02 1.1761467889908e-01 2.5688073394495e-03 5.6880733944954e-03 2.2018348623853e-03 4.9541284403670e-03 1.8348623853211e-03 2.5688073394495e-03 2.2018348623853e-03 7.6055045871560e-01 
45 4.5771144278607e-03 7.5621890547263e-03 7.0646766169154e-03 2.9850746268657e-03 4.2189054726368e-02 1.1144278606965e-02 4.8756218905473e-03 2.0696517412935e-02 7.9601990049751e-03 2.0895522388060e-03 5.5721393034826e-03 1.4925373134328e-03 5.7711442786070e-03 6.7661691542289e-03 9.9402985074627e-02 1.5920398009950e-03 8.9552238805970e-03 1.2716417910448e-01 4.8159203980100e-02 7.0646766169154e-03 2.3482587064677e-02 1.0945273631841e-03 3.8805970149254e-03 5.2736318407960e-03 5.4318407960199e-01 
46 5.3184357541899e-02 1.0949720670391e-02 2.9050279329609e-03 1.1173184357542e-02 8.2681564245810e-03 5.6983240223464e-03 2.3463687150838e-03 1.7877094972067e-03 2.6815642458101e-03 2.3363128491620e-01 3.2402234636872e-03 1.7877094972067e-03 8.6033519553072e-03 5.5865921787710e-03 7.4860335195531e-03 2.3463687150838e-03 1.5642458100559e-03 8.4916201117318e-03 5.8100558659218e-03 8.0446927374302e-03 3.4636871508380e-03 3.7988826815643e-03 3.9106145251397e-03 7.0391061452514e-03 5.9620111731844e-01 
47 1.7391304347826e-02 7.5362318840580e-03 9.2753623188406e-03 7.8260869565217e-03 2.7053140096618e-03 3.9613526570048e-03 1.6521739130435e-02 1.9314009661836e-01 2.1256038647343e-03 2.3188405797101e-03 6.5700483091788e-03 9.3719806763285e-03 1.8550724637681e-02 6.8599033816425e-03 1.1594202898551e-02 8.1159420289855e-03 2.8019323671498e-03 1.8260869565217e-02 1.1690821256039e-02 1.0628019323672e-02 2.3188405797101e-03 7.7294685990338e-03 3.7681159420290e-03 2.5120772946860e-03 6.1642512077295e-01 
48 2.7848101265823e-03 2.0253164556962e-02 3.0379746835443e-03 3.0379746835443e-03 2.5316455696203e-03 3.2911392405063e-03 2.7848101265823e-03 3.7974683544304e-03 2.7848101265823e-03 2.5316455696203e-03 2.5316455696203e-03 3.0379746835443e-03 4.2278481012658e-02 2.7848101265823e-03 4.8101265822785e-03 1.1898734177215e-02 2.7848101265823e-03 4.0506329113924e-03 5.1645569620253e-02 2.5316455696203e-03 1.9240506329114e-02 9.5696202531646e-02 7.3417721518987e-03 3.0379746835443e-03 6.9949367088608e-01 
49 1.8018018018018e-03 5.4054054054054e-03 3.7837837837838e-03 2.5225225225225e-03 2.8828828828829e-03 4.3243243243243e-03 3.4234234234234e-03 1.9819819819820e-03 1.9819819819820e-03 4.5045045045045e-03 2.3423423423423e-03 1.9819819819820e-03 1.9819819819820e-03 2.7027027027027e-03 2.8828828828829e-03 9.5495495495496e-03 3.2252252252252e-02 1.3873873873874e-02 8.4684684684685e-03 1.9819819819820e-03 4.1441441441441e-03 5.4054054054054e-03 4.5081081081081e-01 2.7027027027027e-03 4.2630630630631e-01 
50 1.8348623853211e-03 2.2018348623853e-03 2.0183486238532e-03 2.0183486238532e-03 2.2018348623853e-03 2.0183486238532e-03 3.4862385321101e-03 1.2477064220184e-02 2.2018348623853e-03 2.5688073394495e-03 2.2018348623853e-03 3.1192660550459e-03 2.2018348623853e-03 7.8899082568807e-02 1.8348623853211e-03 2.0183486238532e-03 2.3853211009174e-03 2.2018348623853e-03 3.9266055045872e-02 7.7064220183486e-03 2.9357798165138e-03 6.4954128440367e-02 4.7706422018349e-03 1.8348623853211e-03 7.5064220183486e-01 
51 1.7600000000000e-03 2.2400000000000e-03 2.0800000000000e-03 1.7600000000000e-03 1.9200000000000e-03 2.5600000000000e-03 2.5600000000000e-03 2.0800000000000e-03 1.9200000000000e-03 2.2400000000000e-03 1.6000000000000e-03 2.2400000000000e-03 1.1200000000000e-02 2.0800000000000e-03 1.6000000000000e-03 8.1600000000000e-03 3.3600000000000e-03 9.5040000000000e-02 2.8800000000000e-03 2.8800000000000e-03 2.1440000000000e-02 5.6000000000000e-03 4.4800000000000e-03 2.2400000000000e-03 8.1408000000000e-01 
52 4.4455958549223e-02 1.7098445595855e-02 5.9067357512953e-03 4.1658031088083e-02 1.7616580310881e-03 1.8652849740933e-03 1.4507772020725e-03 8.8082901554404e-03 2.5906735751295e-03 1.3471502590674e-03 1.4196891191710e-02 1.5854922279793e-02 2.4870466321243e-03 8.0000000000000e-02 4.2487046632124e-03 3.5233160621762e-03 1.3471502590674e-03 1.3575129533679e-02 8.8082901554404e-03 5.2849740932643e-03 1.3471502590674e-03 1.3471502590674e-03 1.6580310880829e-03 5.3160621761658e-02 6.6621761658031e-01 
53 5.2631578947368e-03 1.2440191387560e-03 3.2535885167464e-02 4.4880382775120e-02 1.0688995215311e-01 7.4641148325359e-03 2.0095693779904e-03 9.2822966507177e-03 2.5837320574163e-03 1.5311004784689e-03 8.5167464114832e-03 5.6459330143541e-03 1.3875598086124e-02 4.5933014354067e-03 4.8803827751196e-03 2.1052631578947e-03 4.1148325358852e-03 8.4210526315789e-03 7.7511961722488e-03 2.6794258373206e-03 6.7942583732057e-03 1.2440191387560e-03 2.5837320574163e-03 2.2679425837321e-02 6.9043062200957e-01 
54 6.7632850241546e-03 4.4444444444445e-03 1.1594202898551e-03 1.3526570048309e-03 2.8985507246377e-03 4.0579710144928e-03 1.2096618357488e-01 4.0579710144928e-03 1.8357487922705e-03 1.1739130434783e-01 3.2850241545894e-03 1.3526570048309e-03 1.9323671497585e-03 4.3478260869565e-02 4.4444444444444e-03 1.1594202898551e-03 1.4492753623188e-03 1.3236714975845e-02 2.2222222222222e-03 1.5458937198068e-03 2.8985507246377e-03 1.5458937198068e-03 1.6425120772947e-03 2.8019323671498e-03 6.5207729468599e-01 
55 2.5974025974026e-03 2.1645021645022e-03 1.9047619047619e-03 1.7316017316017e-03 1.8060606060606e-01 8.6580086580087e-04 3.3766233766234e-03 2.1645021645022e-03 1.4718614718615e-03 1.9047619047619e-03 6.1471861471861e-03 1.2121212121212e-03 1.4718614718615e-03 1.7316017316017e-03 6.7532467532467e-03 2.9437229437229e-03 2.3376623376623e-03 1.0389610389610e-03 5.4545454545454e-03 3.8095238095238e-03 1.4718614718615e-03 1.3852813852814e-03 1.1255411255411e-03 1.9047619047619e-03 7.6242424242424e-01 
56 3.0136986301370e-03 3.2876712328767e-03 7.1232876712329e-03 3.0136986301370e-03 4.1095890410959e-03 3.0136986301370e-03 3.2876712328767e-03 6.0273972602740e-03 3.2876712328767e-03 3.8356164383562e-03 4.6575342465754e-03 1.1753424657534e-01 4.9315068493151e-03 3.2876712328767e-03 3.5616438356164e-03 3.2876712328767e-03 4.3835616438356e-03 4.3835616438356e-03 1.2054794520548e-02 7.1232876712329e-03 4.3835616438356e-03 3.0136986301370e-03 4.3835616438356e-03 4.6575342465753e-03 7.7835616438356e-01 
57 8.2666666666667e-03 3.7333333333333e-03 3.1111111111111e-03 1.5404444444444e-01 5.8666666666667e-03 2.8444444444444e-03 7.2000000000000e-03 4.8888888888889e-03 6.5777777777778e-03 1.6888888888889e-03 4.9777777777778e-03 1.0400000000000e-02 1.0755555555556e-02 1.0755555555556e-02 1.2444444444444e-03 1.7688888888889e-02 2.7911111111111e-02 2.5777777777778e-03 2.9333333333333e-03 2.3111111111111e-03 1.9555555555556e-02 4.6222222222222e-03 2.1333333333333e-03 6.0444444444445e-03 6.7786666666667e-01 
58 3.3816425120773e-03 2.1227053140097e-01 7.6328502415459e-03 7.4396135265701e-03 1.7391304347826e-03 2.5120772946860e-03 1.1594202898551e-03 3.6714975845411e-03 5.2173913043478e-03 2.8985507246377e-03 9.6618357487923e-03 2.7053140096618e-03 1.9710144927536e-02 4.8309178743961e-03 1.1033816425121e-01 6.7632850241546e-03 3.4396135265700e-02 2.2705314009662e-02 1.3333333333333e-02 4.1545893719807e-03 6.0869565217391e-03 2.8019323671498e-03 1.4492753623188e-03 3.8743961352657e-02 4.7439613526570e-01 
59 7.4074074074074e-03 9.6296296296296e-03 1.2592592592593e-02 8.8888888888889e-03 7.4074074074074e-03 7.4074074074074e-03 8.1481481481482e-03 7.4074074074074e-03 7.4074074074074e-03 8.1481481481482e-03 8.1481481481482e-03 4.9629629629630e-02 7.4074074074074e-03 7.4074074074074e-03 8.8888888888889e-03 2.1481481481481e-02 8.8888888888889e-03 1.3333333333333e-02 1.0370370370370e-02 1.3555555555556e-01 8.1481481481482e-03 3.7777777777778e-02 8.1481481481482e-03 8.1481481481482e-03 5.8222222222222e-01 
60 9.5238095238095e-03 1.1428571428571e-02 1.0476190476190e-02 1.0476190476190e-02 1.2380952380952e-02 9.5238095238095e-03 1.6190476190476e-02 9.5238095238095e-03 9.5238095238095e-03 3.3333333333333e-02 1.0476190476190e-02 1.1428571428571e-02 1.0476190476190e-02 1.3333333333333e-02 1.1428571428571e-02 1.0476190476190e-02 1.2380952380952e-02 1.3333333333333e-02 1.9047619047619e-02 1.0476190476190e-02 1.8095238095238e-02 1.0476190476190e-02 5.4285714285714e-02 1.0476190476190e-02 6.5142857142857e-01 
61 4.1951219512195e-03 2.7317073170732e-03 1.8536585365854e-02 7.0926829268293e-02 1.7560975609756e-03 2.5365853658537e-03 1.4634146341463e-03 2.6341463414634e-02 1.6770731707317e-01 1.6585365853659e-03 1.1024390243902e-02 3.3170731707317e-03 7.0243902439024e-03 2.8292682926829e-03 4.1951219512195e-03 2.7317073170732e-03 4.5853658536585e-03 5.8536585365854e-03 1.1707317073171e-02 1.8536585365854e-03 1.3658536585366e-03 4.0975609756098e-03 1.7560975609756e-03 2.1560975609756e-02 6.1824390243902e-01 
62 2.4581005586592e-03 6.7039106145251e-03 5.5865921787709e-02 1.6759776536313e-03 8.3240223463687e-02 1.8994413407821e-03 5.3631284916201e-03 3.1284916201117e-03 1.6759776536313e-03 4.3575418994413e-03 1.6648044692737e-02 5.9217877094972e-03 1.8994413407821e-03 4.9162011173184e-03 4.8044692737430e-03 1.0726256983240e-02 3.5530726256983e-02 1.0949720670391e-02 2.1229050279330e-03 5.3631284916201e-03 9.3854748603352e-03 2.3463687150838e-03 7.2625698324022e-03 3.9106145251397e-03 7.1184357541899e-01 
63 6.4114832535885e-03 6.0287081339713e-03 3.5406698564593e-03 2.4880382775120e-03 4.9760765550239e-03 1.3971291866029e-02 1.7578947368421e-01 3.8277511961723e-03 3.1291866028708e-02 1.7799043062201e-02 2.0095693779904e-03 1.4354066985646e-03 5.4545454545455e-03 1.0899521531100e-01 1.1578947368421e-02 1.3397129186603e-02 4.3062200956938e-03 5.3588516746412e-03 1.8277511961723e-02 2.2009569377990e-03 1.4354066985646e-03 8.1339712918660e-03 3.0717703349282e-02 3.4449760765550e-03 5.1712918660287e-01 
64 2.1333333333333e-03 4.4444444444444e-02 2.5777777777778e-03 1.8666666666667e-03 2.0035555555556e-01 1.3333333333333e-03 8.8000000000000e-03 1.0666666666667e-03 1.2444444444444e-02 1.8666666666667e-03 3.2000000000000e-03 1.3333333333333e-03 2.4000000000000e-03 4.5422222222222e-02 7.2888888888889e-03 1.6000000000000e-03 4.0888888888889e-03 1.6000000000000e-03 6.1333333333333e-03 1.5111111111111e-03 1.8666666666667e-03 1.6000000000000e-03 4.4444444444444e-03 2.2222222222222e-03 6.3840000000000e-01 
65 3.3986928104575e-03 3.7908496732026e-03 2.4836601307190e-03 3.7908496732026e-03 3.2679738562092e-03 3.1372549019608e-03 3.7254901960784e-02 1.5686274509804e-03 1.0601307189542e-01 2.4836601307190e-03 2.6143790849673e-03 2.4836601307190e-03 3.9215686274510e-03 1.9346405228758e-02 1.4248366013072e-02 5.3594771241830e-03 3.3986928104575e-03 2.7450980392157e-03 2.3529411764706e-03 2.6143790849673e-03 2.4836601307190e-03 9.8039215686275e-03 1.7908496732026e-02 5.8823529411765e-02 6.8470588235294e-01 
66 2.5174825174825e-03 1.8181818181818e-03 1.9580419580420e-03 1.3986013986014e-03 1.8181818181818e-03 1.5384615384615e-03 2.0979020979021e-03 1.5384615384615e-03 1.8181818181818e-03 2.3776223776224e-03 1.5384615384615e-03 5.7342657342657e-03 1.6783216783217e-03 1.5384615384615e-03 2.8391608391608e-02 4.3356643356643e-02 2.5174825174825e-03 6.6853146853147e-02 2.6573426573427e-03 1.5384615384615e-03 1.5384615384615e-03 2.3496503496503e-02 2.2377622377622e-03 1.8181818181818e-03 7.9622377622378e-01 
67 5.7534246575342e-03 2.0547945205479e-02 9.6803652968037e-03 2.0091324200913e-03 3.4611872146119e-02 1.0045662100457e-03 7.0319634703196e-03 7.9452054794520e-03 2.7397260273973e-03 1.7351598173516e-03 1.3607305936073e-02 5.9360730593607e-03 9.1780821917808e-02 2.7397260273973e-03 4.5022831050228e-02 8.1278538812785e-03 1.7351598173516e-03 1.2054794520548e-02 4.2009132420091e-03 2.0091324200913e-03 2.1004566210046e-03 2.4657534246575e-03 2.1917808219178e-03 4.9589041095890e-02 6.6337899543379e-01 
68 2.5263157894737e-03 2.1052631578947e-03 2.9473684210526e-03 2.1052631578947e-03 2.1052631578947e-03 2.3157894736842e-03 2.9473684210526e-03 2.1052631578947e-03 2.3157894736842e-03 2.5263157894737e-03 2.3157894736842e-03 2.0336842105263e-01 3.1578947368421e-03 6.1052631578948e-03 2.7368421052632e-03 2.7368421052632e-03 2.9473684210526e-03 2.9052631578947e-02 4.4210526315789e-03 2.9473684210526e-03 5.2631578947368e-03 1.2568421052632e-01 2.7368421052632e-03 2.3157894736842e-03 5.8021052631579e-01 
69 2.0180180180180e-02 2.1621621621622e-03 6.1261261261261e-03 2.5225225225225e-03 2.3423423423423e-03 1.8018018018018e-03 1.8018018018018e-03 1.8018018018018e-03 1.8018018018018e-03 1.9819819819820e-03 1.8018018018018e-03 2.1621621621622e-03 2.3423423423423e-03 2.5225225225225e-03 2.1621621621622e-03 1.8018018018018e-03 1.9819819819820e-03 3.0630630630631e-03 2.5225225225225e-03 1.8018018018018e-03 4.9099099099099e-01 1.8018018018018e-03 2.3423423423423e-03 2.1621621621622e-03 4.3801801801802e-01 
70 1.1270718232044e-02 8.7292817679558e-03 3.8674033149171e-03 2.2099447513812e-03 3.9779005524862e-03 8.1767955801105e-03 1.1966850828729e-01 3.9779005524862e-03 6.4088397790055e-03 2.9834254143646e-03 3.3149171270718e-02 1.5469613259669e-03 3.0939226519337e-03 8.6187845303867e-03 5.9668508287293e-03 8.8397790055249e-03 1.1270718232044e-02 2.3204419889503e-03 7.9558011049724e-03 1.8784530386740e-03 6.7403314917127e-03 4.4198895027624e-03 5.3038674033149e-03 2.6519337016575e-03 7.2497237569061e-01 
71 1.8536585365854e-02 2.6146341463415e-02 1.0536585365854e-02 1.1434146341463e-01 4.0000000000000e-03 1.1512195121951e-02 2.2439024390244e-03 1.6585365853659e-03 1.1609756097561e-02 2.2439024390244e-02 3.2195121951219e-03 2.6341463414634e-03 2.5365853658537e-03 6.4390243902439e-03 5.3658536585366e-03 1.6585365853659e-03 9.4634146341464e-03 5.8536585365854e-03 4.7804878048780e-03 7.0243902439024e-03 2.8878048780488e-02 1.2195121951220e-02 1.5609756097561e-03 8.0000000000000e-03 6.7736585365854e-01 
72 1.9867841409692e-01 3.3744493392071e-02 1.4096916299559e-03 1.2334801762114e-03 1.2334801762115e-03 1.3215859030837e-03 9.6035242290749e-03 3.9647577092511e-03 8.7312775330397e-02 2.4669603524229e-03 1.3480176211454e-02 1.6740088105727e-03 2.7312775330396e-03 1.9383259911894e-03 2.0264317180617e-03 4.7577092511013e-03 4.4933920704846e-03 1.1453744493392e-03 2.2907488986784e-03 1.3215859030837e-03 2.4669603524229e-03 1.3215859030837e-03 3.0837004405286e-03 6.6872246696035e-02 5.4942731277533e-01 
73 6.3291139240506e-03 3.0379746835443e-03 3.0379746835443e-03 2.7848101265823e-03 2.7848101265823e-03 3.2911392405063e-03 2.5316455696203e-03 2.7848101265823e-03 3.0379746835443e-03 2.5316455696203e-03 2.5316455696203e-03 2.7848101265823e-03 3.7974683544304e-03 2.5316455696203e-03 2.5316455696203e-03 6.5316455696202e-02 3.2911392405063e-03 7.8481012658228e-03 3.2911392405063e-03 3.0379746835443e-03 3.2911392405063e-03 3.0379746835443e-03 3.7974683544304e-03 2.7848101265823e-03 8.5797468354430e-01 
74 1.6993464052288e-03 1.5686274509804e-03 1.4379084967320e-03 1.4379084967320e-03 1.6993464052288e-03 1.4379084967320e-03 1.4379084967320e-03 1.6993464052288e-03 1.3071895424837e-03 1.5686274509804e-03 2.4836601307190e-03 1.4379084967320e-03 1.5686274509804e-03 1.4379084967320e-03 4.7058823529412e-03 6.9281045751634e-03 3.0065359477124e-03 2.0915032679739e-03 1.2901960784314e-01 4.4052287581699e-02 1.5686274509804e-03 1.3071895424837e-03 2.3529411764706e-03 1.5686274509804e-03 7.8117647058823e-01 
75 1.5037593984962e-03 1.9548872180451e-03 1.9548872180451e-03 1.9548872180451e-03 3.4586466165413e-03 1.8045112781955e-03 2.8571428571429e-03 3.9097744360902e-03 2.1052631578947e-03 1.9548872180451e-03 2.4060150375940e-03 6.9172932330827e-03 1.5037593984962e-03 2.4060150375940e-03 1.9548872180451e-03 5.6691729323308e-02 2.8571428571429e-03 5.2180451127819e-02 3.7593984962406e-03 5.5639097744361e-03 4.4511278195489e-02 1.9759398496241e-01 1.5338345864662e-02 3.6090225563910e-03 5.7924812030075e-01 
76 2.5165562913907e-03 5.6953642384106e-03 2.1192052980132e-03 1.8543046357616e-03 2.1192052980132e-03 2.5165562913907e-03 3.1788079470199e-03 2.7814569536424e-03 1.5364238410596e-02 1.9867549668874e-03 2.2516556291391e-03 5.4304635761589e-03 3.7086092715232e-03 1.9867549668874e-03 1.7218543046358e-03 1.0728476821192e-01 5.0198675496689e-02 1.8543046357616e-03 5.1655629139073e-03 2.7417218543046e-02 3.9735099337748e-03 2.0675496688742e-01 1.3112582781457e-02 6.6225165562914e-03 5.2238410596027e-01 
77 5.5384615384615e-03 4.9230769230769e-03 5.8461538461539e-03 5.5384615384615e-03 4.6153846153846e-03 3.6923076923077e-03 3.0769230769231e-03 4.0000000000000e-03 6.1538461538462e-03 3.0769230769231e-03 4.3076923076923e-03 1.3538461538462e-02 3.6923076923077e-03 1.5692307692308e-02 4.9230769230769e-03 4.9230769230769e-03 5.4153846153846e-02 2.4923076923077e-02 3.6923076923077e-03 4.6153846153846e-03 1.5784615384615e-01 3.6923076923077e-03 9.3846153846154e-02 4.6153846153846e-03 5.5907692307692e-01 
78 2.4880382775120e-03 1.6267942583732e-03 7.4641148325359e-03 1.6239234449761e-01 1.3397129186603e-03 2.8708133971292e-03 2.1052631578947e-03 2.2966507177034e-03 2.1052631578947e-03 7.5598086124402e-03 3.6363636363636e-03 1.3397129186603e-03 2.7751196172249e-03 1.5789473684211e-02 5.8373205741627e-03 3.1387559808612e-02 6.1818181818182e-02 3.5406698564593e-03 3.1578947368421e-03 1.9138755980861e-03 3.9234449760766e-03 3.0622009569378e-03 1.9138755980861e-03 2.6794258373206e-03 6.6497607655502e-01 
