0 4.1148325358852e-03 5.5885167464115e-02 1.1483253588517e-03 1.3875598086124e-02 4.7846889952153e-02 5.7416267942584e-03 3.1100478468900e-02 2.9712918660287e-01 1.7990430622010e-02 1.7224880382775e-03 3.3971291866029e-02 6.6985645933014e-03 2.1913875598086e-02 1.2832535885167e-01 1.4736842105263e-02 2.4976076555024e-02 3.5311004784689e-02 2.2966507177034e-03 2.2392344497608e-02 3.3492822966507e-03 3.5980861244019e-02 1.5885167464115e-01 2.3444976076555e-02 1.9138755980861e-03 9.2822966507177e-03 
1 2.3391812865497e-03 2.5730994152047e-03 1.8713450292398e-03 9.3567251461988e-03 2.6900584795322e-03 4.0935672514620e-03 1.6374269005848e-03 3.3918128654971e-03 1.3532163742690e-01 1.8128654970760e-02 6.6245614035088e-01 5.6140350877193e-03 1.5204678362573e-03 4.5614035087719e-03 2.1988304093567e-02 1.5204678362573e-03 1.2865497076023e-03 6.0935672514620e-02 1.5204678362573e-03 2.3391812865497e-03 1.4035087719298e-03 4.5614035087719e-03 2.1052631578947e-03 4.4561403508772e-02 2.2222222222222e-03 
2 1.2380952380952e-02 3.4920634920635e-03 6.3492063492064e-03 4.3428571428571e-01 4.7619047619048e-03 3.1746031746032e-03 5.0793650793651e-03 4.1269841269841e-03 1.3333333333333e-02 1.0476190476190e-02 1.7777777777778e-02 7.8730158730159e-02 2.7301587301587e-01 1.1428571428571e-02 9.8412698412698e-03 6.6666666666667e-03 4.4444444444444e-03 9.5238095238095e-03 1.4920634920635e-02 3.8095238095238e-03 3.1746031746032e-03 4.7619047619048e-03 1.8730158730159e-02 1.1428571428571e-02 3.4285714285714e-02 
3 1.6438356164384e-03 1.0136986301370e-02 1.8264840182648e-02 2.1917808219178e-03 2.4292237442922e-02 3.4584474885845e-01 5.0045662100457e-02 1.2785388127854e-03 1.3698630136986e-03 1.5799086757991e-02 7.2146118721461e-03 1.6438356164384e-03 1.1872146118721e-03 1.3452054794521e-01 7.3424657534247e-02 5.6621004566210e-03 1.6438356164384e-02 7.1689497716895e-02 4.4748858447489e-03 1.9881278538813e-01 4.7488584474886e-03 1.4611872146119e-03 4.3835616438356e-03 1.8264840182648e-03 1.6438356164384e-03 
4 4.7328244274809e-02 1.3435114503817e-02 6.7175572519084e-03 2.4427480916030e-03 1.9801526717557e-01 4.9923664122137e-02 2.4427480916030e-03 1.6030534351145e-02 2.9007633587786e-03 1.3129770992366e-02 2.9007633587786e-03 5.2839694656489e-01 7.2977099236641e-02 2.9007633587786e-03 7.9389312977099e-03 3.8167938931298e-03 1.8320610687023e-03 2.9007633587786e-03 1.9847328244275e-03 2.1374045801527e-03 5.1908396946565e-03 4.1221374045801e-03 1.8320610687023e-03 3.5114503816794e-03 5.1908396946565e-03 
5 2.5910931174089e-03 1.7813765182186e-03 4.3967611336033e-02 5.7489878542510e-03 2.4858299595142e-02 9.9109311740891e-02 1.9028340080972e-02 8.0971659919028e-03 8.9068825910931e-04 2.0242914979757e-03 5.2631578947369e-02 1.6194331983806e-03 2.0242914979757e-03 4.8744939271255e-02 1.6242914979757e-01 1.9757085020243e-02 3.2607287449393e-01 2.3481781376518e-03 3.4008097165992e-03 8.5910931174089e-02 1.7813765182186e-03 3.1578947368421e-03 3.0283400809717e-02 4.9878542510122e-02 1.8623481781377e-03 
6 5.2849740932642e-03 8.0310880829016e-02 3.7305699481865e-03 3.3160621761658e-03 1.4507772020725e-03 7.4715025906736e-02 4.5595854922280e-03 1.8652849740933e-03 1.3471502590674e-03 1.2435233160622e-03 3.9378238341969e-03 1.7616580310881e-03 4.3523316062176e-03 1.7523316062176e-01 1.2435233160622e-03 1.0051813471503e-02 2.0725388601036e-03 5.0777202072539e-03 7.9481865284974e-02 1.6259067357513e-01 8.8082901554404e-03 8.9637305699482e-02 1.3367875647668e-02 1.3886010362694e-02 2.5067357512953e-01 
7 6.3969465648855e-02 4.1221374045801e-03 3.3587786259542e-03 1.8320610687023e-03 3.5496183206107e-01 1.3435114503817e-02 2.1374045801527e-03 1.9847328244275e-03 2.7557251908397e-01 4.8854961832061e-03 8.3358778625954e-02 6.8702290076336e-03 3.6641221374046e-03 2.4427480916030e-03 1.3007633587786e-01 2.7480916030534e-03 1.7709923664122e-02 8.2442748091603e-03 1.9847328244275e-03 6.8702290076336e-03 1.9847328244275e-03 1.6793893129771e-03 2.1374045801527e-03 1.5267175572519e-03 2.4427480916031e-03 
8 2.2831050228310e-03 2.6849315068493e-02 2.6484018264840e-03 2.1004566210046e-03 3.2876712328767e-03 6.9132420091324e-02 8.1826484018265e-02 1.2785388127854e-03 1.2785388127854e-03 2.4657534246575e-03 1.4611872146119e-03 3.0136986301370e-03 3.1050228310502e-03 1.1324200913242e-02 1.1315068493151e-01 3.0136986301370e-03 2.3926940639269e-01 3.3789954337900e-03 4.9680365296804e-02 4.3744292237443e-02 1.3515981735160e-02 2.1917808219178e-03 2.6484018264840e-03 6.9863013698630e-02 2.4748858447489e-01 
9 8.7348837209302e-02 9.0511627906977e-02 1.5860465116279e-01 2.3255813953488e-03 9.7116279069767e-02 5.7674418604651e-03 2.0465116279070e-03 4.5860465116279e-02 2.4186046511628e-03 1.9534883720930e-03 7.0325581395349e-02 6.8837209302326e-03 1.1162790697674e-03 1.1906976744186e-02 2.6139534883721e-02 3.2558139534884e-03 2.7153488372093e-01 6.3255813953488e-03 3.3023255813953e-02 2.9302325581395e-02 1.1162790697674e-03 6.2325581395349e-03 2.0465116279070e-03 3.3860465116279e-02 2.9767441860465e-03 
10 2.3175965665236e-03 4.3768240343348e-01 1.3733905579399e-03 1.4592274678112e-03 2.1030042918455e-02 1.3991416309013e-02 2.1459227467811e-03 1.0472103004292e-01 2.3175965665236e-03 1.8884120171674e-03 1.4592274678112e-03 1.2017167381974e-03 2.4892703862661e-03 2.4034334763949e-03 4.1201716738197e-03 7.3819742489271e-03 1.2738197424893e-01 1.1158798283262e-03 4.0343347639485e-03 5.0643776824034e-03 1.6309012875536e-03 2.8583690987124e-02 6.9699570815451e-02 1.1158798283262e-03 1.5339055793991e-01 
11 1.1578947368421e-02 2.2210526315789e-01 1.0258373205742e-01 1.7033492822967e-02 3.1578947368421e-03 1.6669856459330e-01 1.4928229665072e-02 1.3684210526316e-02 3.0334928229665e-02 3.2535885167464e-03 9.5693779904306e-03 9.6650717703349e-03 4.4019138755981e-03 4.4019138755981e-03 7.0813397129187e-03 2.3923444976077e-03 2.0669856459330e-01 2.7942583732057e-02 4.5933014354067e-03 5.4162679425837e-02 2.4880382775120e-03 4.9760765550239e-03 2.4880382775120e-03 7.2153110047847e-02 1.6267942583732e-03 
12 2.0095693779904e-03 2.2497607655502e-01 1.1990430622010e-01 2.3827751196172e-02 1.8181818181818e-02 2.0669856459330e-02 1.5311004784689e-03 8.4880382775120e-02 1.5311004784689e-03 3.5406698564593e-03 3.1578947368421e-03 2.5837320574163e-03 1.5311004784689e-03 2.1244019138756e-02 1.4354066985646e-03 1.7416267942584e-02 6.9856459330144e-03 9.7607655502392e-03 5.3588516746412e-03 1.2784688995215e-01 1.6267942583732e-03 2.5837320574163e-03 6.1531100478469e-02 1.2535885167464e-02 2.2334928229665e-01 
13 3.0630630630631e-03 2.5225225225225e-03 5.2252252252252e-03 7.2072072072072e-03 7.5675675675676e-03 2.8828828828829e-02 2.7027027027027e-03 2.1441441441441e-02 1.2504504504504e-01 3.2612612612613e-02 4.3243243243243e-03 2.5225225225225e-03 2.1621621621622e-03 7.5675675675676e-03 5.8378378378378e-01 7.0270270270270e-03 9.1891891891892e-03 1.1387387387387e-01 2.1621621621622e-03 4.5045045045045e-03 6.3063063063063e-03 8.2882882882883e-03 1.8018018018018e-03 7.5675675675676e-03 2.7027027027027e-03 
14 2.4215246636771e-03 8.1524663677130e-02 2.1524663677130e-03 3.1390134529148e-03 2.6905829596413e-03 6.3408071748879e-02 1.4394618834081e-01 2.8780269058296e-01 1.0134529147982e-02 1.9730941704036e-03 5.6502242152466e-03 1.3452914798206e-03 1.2556053811659e-03 2.6905829596413e-03 1.3452914798206e-03 1.3721973094170e-02 7.1121076233184e-02 2.1524663677130e-03 1.2914798206278e-02 6.9955156950673e-03 1.7040358744395e-03 3.9461883408072e-03 9.0224215246637e-02 1.0681614349776e-01 7.8923766816143e-02 
15 2.4242424242424e-03 2.4242424242424e-03 2.0202020202020e-03 2.4242424242424e-03 3.8383838383838e-03 2.0202020202020e-03 2.2222222222222e-03 2.2222222222222e-03 2.0020202020202e-01 2.0202020202020e-03 7.3636363636364e-01 2.2222222222222e-03 2.0202020202020e-03 2.2222222222222e-03 2.0202020202020e-03 1.3535353535354e-02 2.2222222222222e-03 2.0202020202020e-03 2.0202020202020e-03 2.2222222222222e-03 2.2222222222222e-03 2.0202020202020e-03 2.0202020202020e-03 2.4242424242424e-03 2.6262626262626e-03 
16 3.5706806282723e-02 1.3654450261780e-01 1.8952879581152e-02 1.5706806282722e-03 1.1842931937173e-01 2.1884816753927e-02 2.9319371727749e-03 1.0157068062827e-02 2.8272251308901e-03 3.9790575916230e-03 8.1675392670157e-03 4.0837696335079e-03 1.4659685863874e-03 4.7643979057592e-02 7.1308900523560e-02 3.1204188481675e-02 5.7068062827225e-02 1.4031413612565e-02 2.3445026178010e-01 3.6649214659686e-03 1.6963350785340e-02 1.9895287958115e-03 1.4921465968586e-01 2.4083769633508e-03 3.3507853403141e-03 
17 4.7311827956989e-03 3.4408602150538e-03 6.2365591397849e-03 5.8064516129032e-03 1.5548387096774e-01 1.3763440860215e-02 2.3655913978495e-03 8.1720430107527e-03 2.0731182795699e-01 1.1182795698925e-02 8.8172043010753e-03 4.3311827956989e-01 2.7956989247312e-03 4.1720430107527e-02 7.0967741935484e-03 3.4408602150538e-03 3.8709677419355e-03 2.7956989247312e-03 1.0537634408602e-02 5.3333333333333e-02 2.5806451612903e-03 2.1505376344086e-03 2.3655913978495e-03 4.5161290322581e-03 2.3655913978495e-03 
18 3.6123348017621e-03 5.5506607929515e-03 1.1013215859031e-02 4.2290748898678e-03 4.3171806167401e-03 9.9471365638767e-02 7.4889867841410e-02 2.7312775330396e-02 2.8193832599119e-03 6.5198237885463e-03 1.7973568281938e-02 2.0264317180617e-03 1.8502202643172e-03 1.0052863436123e-01 1.1823788546256e-01 8.5462555066079e-03 1.2519823788546e-01 4.3259911894273e-02 3.7004405286344e-03 6.5198237885463e-03 2.2907488986784e-03 5.3832599118943e-02 1.5656387665198e-01 1.1480176211454e-01 4.9339207048458e-03 
19 2.8742514970060e-03 1.1976047904192e-03 2.0359281437126e-03 1.4371257485030e-03 7.1856287425150e-03 2.5149700598802e-03 2.2754491017964e-03 2.7544910179641e-03 1.1257485029940e-02 2.0359281437126e-03 1.5880239520958e-01 2.3796407185629e-01 4.5748502994012e-01 2.5149700598802e-03 8.1556886227545e-02 1.9161676646707e-03 1.6766467065868e-03 2.2754491017964e-03 1.4371257485030e-03 2.2754491017964e-03 2.7544910179641e-03 2.0359281437126e-03 1.7964071856287e-03 5.2694610778443e-03 4.6706586826347e-03 
20 1.1594202898551e-03 2.8019323671498e-03 2.1256038647343e-03 8.4057971014493e-03 1.0821256038647e-02 8.5603864734300e-02 6.7246376811594e-02 1.4376811594203e-01 1.5458937198068e-03 1.9323671497585e-03 1.8357487922705e-03 4.1545893719807e-03 2.9951690821256e-03 3.3816425120773e-03 7.0531400966184e-03 1.4724637681159e-01 9.6618357487922e-04 6.8599033816425e-03 2.8405797101449e-02 4.0579710144928e-03 1.0985507246377e-01 7.8067632850242e-02 2.0367149758454e-01 7.4685990338164e-02 1.3526570048309e-03 
21 5.2991452991453e-03 2.2905982905983e-02 2.3931623931624e-03 5.3162393162393e-02 1.5726495726496e-02 5.4017094017094e-02 7.8632478632478e-03 3.4188034188034e-03 5.9829059829060e-03 1.1179487179487e-01 3.3162393162393e-02 1.2854700854701e-01 3.6290598290598e-01 1.7606837606838e-02 4.7863247863248e-03 2.5641025641026e-03 3.4188034188034e-03 1.2136752136752e-02 3.4188034188034e-03 8.5470085470086e-03 3.5897435897436e-03 2.3931623931624e-03 1.7606837606838e-02 1.1452991452991e-02 1.0529914529915e-01 
22 2.1518987341772e-02 6.0759493670886e-03 7.0886075949367e-03 4.0506329113924e-03 9.7468354430380e-02 9.4936708860759e-02 8.1012658227848e-03 2.9620253164557e-02 1.2658227848101e-01 4.3974683544304e-01 1.6202531645570e-02 1.5443037974684e-02 4.0506329113924e-03 1.1898734177215e-02 1.0126582278481e-02 3.0379746835443e-03 2.7848101265823e-03 2.6835443037975e-02 4.3037974683544e-03 1.1139240506329e-02 2.8354430379747e-02 1.8987341772152e-02 3.7974683544304e-03 2.5316455696203e-03 5.3164556962025e-03 
23 3.3371428571429e-02 1.2571428571429e-03 2.6285714285714e-03 4.8228571428571e-01 2.1714285714286e-03 6.8571428571429e-03 3.4285714285714e-03 2.4800000000000e-02 1.7794285714286e-01 2.2057142857143e-02 1.8422857142857e-01 2.7428571428571e-03 1.3714285714286e-03 2.4000000000000e-03 1.0171428571429e-02 1.4857142857143e-03 1.3714285714286e-03 2.3657142857143e-02 2.4000000000000e-03 2.4000000000000e-03 2.7428571428572e-03 2.5142857142857e-03 1.9428571428571e-03 1.8285714285714e-03 1.9428571428571e-03 
24 5.1555555555556e-03 1.9662222222222e-01 4.9866666666667e-02 9.6888888888889e-03 2.1333333333333e-03 1.7422222222222e-02 5.6355555555556e-02 4.4444444444445e-03 1.6888888888889e-03 1.0666666666667e-03 1.0488888888889e-02 6.8444444444445e-03 1.5111111111111e-03 1.1733333333333e-02 3.2000000000000e-03 2.6924444444444e-01 7.8666666666667e-02 1.0222222222222e-02 7.7955555555556e-02 4.3555555555556e-03 1.4222222222222e-03 1.3333333333333e-03 6.4888888888889e-03 2.4000000000000e-03 1.6968888888889e-01 
25 3.2876712328767e-03 5.2602739726027e-02 9.0684931506849e-02 3.9698630136986e-01 4.3835616438356e-03 1.5890410958904e-02 3.2876712328767e-03 8.1917808219178e-02 1.6657534246575e-01 1.1835616438356e-01 4.6575342465754e-03 3.0136986301370e-03 4.3835616438356e-03 6.5753424657534e-03 5.4794520547945e-03 3.5616438356164e-03 1.0410958904110e-02 3.2876712328767e-03 2.7397260273973e-03 4.1095890410959e-03 2.7397260273973e-03 4.6575342465754e-03 3.2876712328767e-03 4.1095890410959e-03 3.0136986301370e-03 
26 5.2093023255814e-03 4.0000000000000e-03 8.3720930232558e-03 2.2697674418605e-02 2.5767441860465e-02 2.1209302325581e-02 9.7674418604651e-03 3.1441860465116e-02 3.1627906976744e-03 3.8139534883721e-03 2.6046511627907e-03 3.9069767441860e-03 1.7860465116279e-02 9.0046511627907e-02 1.1534883720930e-02 6.0372093023256e-02 9.7674418604651e-03 1.1534883720930e-02 8.0000000000000e-03 1.7116279069767e-02 2.7293023255814e-01 1.5906976744186e-01 1.9534883720930e-03 1.5395348837209e-01 4.3906976744186e-02 
27 2.8985507246377e-03 3.4782608695652e-03 3.1884057971015e-03 3.1884057971015e-03 3.1884057971015e-03 3.2753623188406e-02 3.7681159420290e-03 4.9275362318841e-03 2.7681159420290e-01 6.4057971014493e-02 4.2724637681159e-01 2.8985507246377e-03 3.4782608695652e-03 6.6666666666667e-03 3.4782608695652e-03 3.7681159420290e-03 3.4782608695652e-03 9.1014492753623e-02 2.8985507246377e-03 3.4782608695652e-03 3.4782608695652e-03 5.5072463768116e-03 3.1884057971014e-02 6.0869565217391e-03 6.3768115942029e-03 
28 9.0265486725664e-02 1.9469026548673e-03 1.2566371681416e-02 1.1327433628319e-02 3.1858407079646e-03 6.3716814159292e-03 2.4778761061947e-03 3.3628318584071e-03 2.2707964601770e-01 9.3805309734513e-03 1.3486725663717e-01 3.5398230088496e-03 6.1946902654867e-03 4.9557522123894e-03 6.0176991150443e-03 3.3628318584071e-03 1.0973451327434e-02 4.0566371681416e-01 2.6548672566372e-03 3.3628318584071e-03 2.1238938053097e-03 3.5398230088496e-03 7.6106194690266e-03 2.4247787610619e-02 1.2920353982301e-02 
29 1.5934959349593e-02 2.9268292682927e-03 2.4065040650407e-02 1.4699186991870e-01 3.5772357723577e-03 5.2032520325203e-03 1.7886178861789e-03 2.6016260162602e-03 1.2487804878049e-01 1.0569105691057e-02 1.2292682926829e-01 7.3008130081301e-02 7.1544715447154e-03 7.3495934959350e-02 2.3252032520325e-01 1.9512195121951e-02 1.7886178861789e-03 5.7560975609756e-02 2.6016260162602e-03 1.6260162601626e-03 5.5447154471545e-02 3.5772357723577e-03 2.6016260162602e-03 5.3658536585366e-03 2.2764227642276e-03 
30 3.6623376623377e-02 1.1948051948052e-02 5.4545454545454e-03 3.1168831168831e-03 6.9090909090909e-02 1.9480519480519e-02 2.8571428571429e-03 1.6363636363636e-02 3.8961038961039e-03 2.4155844155844e-02 1.3012987012987e-01 5.4545454545455e-03 1.4545454545455e-02 6.4935064935065e-03 7.5324675324675e-03 2.8571428571429e-03 2.8571428571429e-03 5.8727272727273e-01 3.1168831168831e-03 4.1558441558442e-03 3.1168831168831e-03 3.8961038961039e-03 3.6363636363636e-03 7.2727272727273e-03 2.4675324675325e-02 
31 2.7225130890052e-03 8.5549738219895e-02 2.5549738219895e-02 2.3664921465969e-02 4.1884816753927e-03 1.7801047120419e-03 2.8272251308901e-03 4.9633507853403e-02 1.8848167539267e-03 2.5130890052356e-03 1.1518324607330e-03 8.0628272251309e-03 1.7801047120419e-03 1.7214659685864e-01 4.5340314136126e-02 2.0083769633508e-01 2.4083769633508e-03 7.0157068062827e-03 6.9109947643979e-03 9.6335078534032e-03 3.2356020942408e-02 9.4345549738220e-02 1.9895287958115e-03 5.1204188481675e-02 1.6450261780105e-01 
32 4.3386243386243e-03 1.7989417989418e-03 1.1428571428571e-02 9.1005291005291e-03 3.2804232804233e-03 1.9047619047619e-03 8.6984126984127e-02 5.8412698412698e-02 1.2169312169312e-02 2.8359788359788e-02 2.0105820105820e-03 1.4814814814815e-03 1.1640211640212e-03 4.5396825396825e-02 1.1915343915344e-01 3.2402116402116e-01 7.8306878306878e-02 3.1746031746032e-03 1.6931216931217e-03 3.4920634920635e-03 3.6402116402116e-02 1.0253968253968e-01 3.3333333333333e-02 2.4761904761905e-02 5.2910052910053e-03 
33 3.8356164383562e-03 2.7397260273973e-03 3.2876712328767e-03 6.3178082191781e-01 5.2054794520548e-03 3.0136986301370e-03 2.7397260273973e-03 3.2876712328767e-03 2.3315068493151e-01 1.3698630136986e-02 9.5890410958904e-03 3.5616438356164e-03 3.5068493150685e-02 4.3835616438356e-03 3.5616438356164e-03 4.1095890410959e-03 3.5616438356164e-03 3.8356164383562e-03 8.2191780821918e-03 3.0136986301370e-03 6.3013698630137e-03 2.7397260273973e-03 2.7397260273973e-03 3.0136986301370e-03 3.5616438356164e-03 
34 1.7600000000000e-03 5.5680000000000e-02 2.8800000000000e-03 6.2400000000000e-03 2.8800000000000e-03 6.8800000000000e-03 5.9200000000000e-03 2.4000000000000e-03 1.1520000000000e-01 1.6000000000000e-03 2.5072000000000e-01 3.8224000000000e-01 1.6000000000000e-03 5.7760000000000e-02 4.8000000000000e-03 5.5040000000000e-02 1.7600000000000e-03 4.6400000000000e-03 2.5120000000000e-02 1.7600000000000e-03 3.0400000000000e-03 1.7600000000000e-03 4.3200000000000e-03 1.9200000000000e-03 2.0800000000000e-03 
35 2.2346368715084e-03 1.0916201117318e-01 3.1284916201117e-03 1.8994413407821e-03 1.7877094972067e-03 7.7653631284916e-02 1.3407821229050e-03 2.2346368715084e-03 1.6759776536313e-03 8.1564245810056e-03 2.4581005586592e-03 3.1284916201117e-03 1.1173184357542e-03 3.7988826815643e-03 3.2402234636872e-03 6.8826815642458e-02 6.4022346368715e-02 2.1229050279330e-03 1.5966480446927e-01 9.2178770949721e-02 1.1508379888268e-02 9.8882681564246e-02 2.7541899441341e-01 2.2346368715084e-03 2.1229050279330e-03 
36 9.7326203208556e-02 2.8962566844920e-01 3.9572192513369e-03 1.8181818181818e-03 1.5593582887701e-01 2.2064171122995e-01 1.2085561497326e-02 2.2459893048128e-03 2.6737967914438e-03 2.1390374331551e-03 6.7272727272727e-02 1.4973262032086e-03 1.4973262032086e-03 3.3155080213904e-03 4.2780748663102e-03 2.3529411764706e-03 1.8395721925134e-02 2.5668449197861e-03 9.9465240641711e-03 9.3262032085561e-02 1.3903743315508e-03 1.1764705882353e-03 1.8181818181818e-03 1.2834224598930e-03 1.4973262032086e-03 
37 1.0429268292683e-01 6.6341463414634e-03 7.0146341463415e-02 6.9268292682927e-03 5.7756097560975e-02 1.6487804878049e-02 1.5609756097561e-03 7.3560975609756e-02 1.6585365853659e-03 1.4146341463415e-02 7.8829268292683e-02 4.2926829268293e-03 1.4634146341463e-03 8.9951219512195e-02 2.0848780487805e-01 5.0731707317073e-03 5.4634146341463e-02 4.6634146341463e-02 3.2878048780488e-02 6.2439024390244e-03 5.0536585365854e-02 1.2292682926829e-02 5.2682926829268e-02 1.3658536585366e-03 1.4634146341463e-03 
38 6.7835051546392e-02 3.7525773195876e-02 3.0927835051546e-03 8.7010309278351e-02 2.1257731958763e-01 3.9175257731959e-03 4.2061855670103e-02 9.0721649484536e-03 9.3814432989691e-02 4.7010309278350e-02 6.5979381443299e-03 3.0927835051546e-03 4.5360824742268e-03 1.0309278350515e-02 6.5773195876289e-02 3.9175257731959e-03 3.5051546391753e-03 2.6989690721649e-01 3.7113402061856e-03 3.7113402061856e-03 4.3298969072165e-03 3.9175257731959e-03 4.3298969072165e-03 3.0927835051546e-03 5.3608247422680e-03 
39 2.9189189189189e-03 1.7297297297297e-01 9.5135135135135e-02 2.7027027027027e-03 8.7567567567568e-03 2.0800000000000e-01 1.8378378378378e-03 1.2000000000000e-02 4.6486486486487e-03 2.0540540540541e-03 3.5675675675676e-03 5.9459459459459e-03 1.2972972972973e-03 5.7297297297297e-03 1.7297297297297e-03 1.8821621621622e-01 1.4810810810811e-02 1.6216216216216e-03 1.0162162162162e-02 2.1945945945946e-02 1.6010810810811e-01 2.3783783783784e-03 6.1189189189189e-02 8.3243243243243e-03 1.9459459459459e-03 
40 5.5797665369650e-02 1.9455252918288e-03 3.9688715953307e-03 4.3968871595331e-02 6.6147859922179e-03 2.4591439688716e-02 6.9494163424125e-02 2.1883268482490e-01 2.2568093385214e-03 3.4241245136187e-03 1.5564202334630e-03 1.8677042801556e-03 1.3229571984436e-03 1.8677042801556e-03 8.0155642023346e-02 2.2023346303502e-02 7.0194552529183e-02 1.7120622568093e-03 6.8404669260700e-02 8.5603112840467e-03 2.4046692607004e-01 6.7704280155642e-03 2.5680933852140e-03 6.0544747081712e-02 1.0894941634241e-03 
41 9.1629955947137e-02 1.9383259911894e-03 1.6740088105727e-03 3.8766519823789e-03 1.3215859030837e-03 8.7488986784141e-02 2.2907488986784e-03 1.4008810572687e-02 1.0572687224670e-03 3.3480176211454e-03 1.5770925110132e-02 2.5550660792952e-03 1.9383259911894e-03 7.2246696035242e-02 2.1585903083700e-02 7.5682819383260e-02 2.3788546255507e-03 1.0572687224670e-03 1.6845814977974e-01 1.8555066079295e-01 5.1982378854626e-03 5.4625550660793e-03 6.9427312775330e-02 1.6229074889868e-01 1.7621145374449e-03 
42 4.7457627118644e-03 4.4067796610169e-03 7.4576271186441e-03 4.4067796610169e-03 5.1322033898305e-01 1.6949152542373e-02 3.3898305084746e-03 3.3898305084746e-03 4.7457627118644e-03 2.8949152542373e-01 9.1525423728814e-03 7.4576271186441e-03 5.7627118644068e-03 4.0677966101695e-03 2.2372881355932e-02 3.7288135593220e-03 4.0677966101695e-03 2.3728813559322e-02 3.7288135593220e-03 4.0677966101695e-03 5.0847457627119e-03 3.3898305084746e-03 1.0508474576271e-02 3.5254237288136e-02 5.4237288135593e-03 
43 1.4218009478673e-03 3.9810426540284e-03 5.0236966824645e-03 1.6113744075829e-03 3.3175355450237e-02 4.0758293838863e-03 1.0142180094787e-02 1.0218009478673e-01 2.1800947867299e-03 4.2654028436019e-03 2.5592417061611e-03 7.0142180094787e-03 1.0426540284360e-03 3.8862559241706e-03 4.8341232227488e-03 4.2085308056872e-02 6.9194312796209e-03 2.2748815165877e-03 8.9099526066351e-02 3.7061611374408e-02 1.6890995260664e-01 1.2587677725118e-01 6.0663507109005e-03 2.3308056872038e-01 1.0123222748815e-01 
44 3.9467889908257e-01 2.3853211009174e-03 8.9908256880734e-03 4.0366972477064e-03 1.5412844036697e-02 1.1192660550459e-02 1.8348623853211e-03 2.7522935779816e-03 1.9155963302752e-01 2.4440366972477e-01 2.9357798165138e-03 1.3944954128440e-02 4.7706422018349e-02 2.3853211009174e-03 6.0550458715596e-03 2.9357798165138e-03 3.3027522935780e-03 1.6697247706422e-02 3.6697247706422e-03 3.4862385321101e-03 2.9357798165138e-03 2.2018348623853e-03 2.5688073394495e-03 3.3027522935780e-03 8.6238532110092e-03 
45 5.6716417910448e-03 2.1383084577114e-01 1.9900497512438e-03 1.6915422885572e-03 2.0895522388060e-01 1.8308457711443e-02 2.7860696517413e-03 1.5522388059701e-02 2.4875621890547e-03 1.7114427860697e-02 2.6069651741294e-02 1.9303482587065e-02 2.0895522388060e-03 3.1144278606965e-02 1.5920398009950e-03 1.6915422885572e-02 1.8507462686567e-02 1.1940298507463e-03 1.1542288557214e-02 2.5502487562189e-01 7.7014925373134e-02 3.0845771144279e-03 4.1194029850746e-02 3.7810945273632e-03 3.1840796019901e-03 
46 1.7877094972067e-03 4.9832402234637e-02 1.3743016759777e-02 2.4581005586592e-03 3.8435754189944e-02 3.7094972067039e-02 6.7039106145251e-03 8.6033519553073e-03 1.4525139664804e-03 3.2402234636872e-03 9.7206703910614e-03 1.8324022346369e-02 2.0111731843575e-03 1.0391061452514e-02 7.9329608938548e-02 6.8156424581006e-03 2.0726256983240e-01 1.7877094972067e-03 2.2234636871508e-02 1.8994413407821e-03 2.3463687150838e-03 1.8994413407821e-03 4.2458100558659e-03 2.4391061452514e-01 2.2446927374302e-01 
47 2.8985507246377e-03 1.7198067632850e-01 5.2657004830918e-02 2.2222222222222e-03 7.8260869565218e-03 1.2270531400966e-02 1.1198067632850e-01 2.0096618357488e-02 1.9323671497585e-03 2.9951690821256e-03 7.8260869565217e-03 2.8695652173913e-02 2.1256038647343e-03 1.2560386473430e-02 2.2705314009662e-02 1.2946859903382e-02 1.3526570048309e-03 7.0531400966184e-03 8.8212560386473e-02 7.7294685990338e-03 2.6570048309179e-01 2.0289855072464e-03 4.6376811594203e-02 1.1111111111111e-02 9.6714975845411e-02 
48 2.1012658227848e-02 1.7468354430380e-02 7.0886075949367e-03 1.1544303797468e-01 4.3037974683544e-03 3.0379746835443e-03 2.7848101265823e-03 5.0632911392405e-03 2.6329113924051e-01 6.8354430379747e-03 6.0759493670886e-02 3.5443037974684e-03 3.4177215189873e-02 2.7848101265823e-03 4.8101265822785e-03 1.3417721518987e-02 2.2658227848101e-01 5.0632911392405e-03 3.5443037974684e-03 3.5443037974684e-03 3.0379746835443e-03 3.0379746835443e-03 3.0379746835443e-03 1.8354430379747e-01 2.7848101265823e-03 
49 1.3945945945946e-01 2.1621621621622e-03 5.5135135135135e-02 1.9819819819820e-03 6.3063063063063e-03 2.8828828828829e-02 3.4234234234234e-03 2.7387387387387e-02 2.3423423423423e-03 5.6954954954955e-01 1.8018018018018e-03 4.1441441441441e-03 1.2072072072072e-02 8.6486486486487e-03 4.3243243243243e-03 7.9279279279279e-03 6.6666666666667e-03 8.3783783783784e-02 3.9639639639640e-03 6.3063063063063e-03 2.1621621621622e-03 5.2252252252252e-03 3.6036036036036e-03 1.8018018018018e-03 1.0990990990991e-02 
50 1.3394495412844e-02 2.7522935779816e-03 8.8073394495413e-03 1.7321100917431e-01 4.2201834862385e-03 1.2715596330275e-01 3.4862385321101e-03 7.7981651376147e-02 2.6256880733945e-01 1.2660550458716e-02 1.8954128440367e-01 6.3669724770642e-02 5.5045871559633e-03 2.5688073394495e-03 6.0550458715596e-03 2.0183486238532e-03 1.1009174311927e-02 6.9724770642202e-03 1.8348623853211e-03 1.8348623853211e-03 7.7064220183486e-03 3.6697247706422e-03 3.4862385321101e-03 2.2018348623853e-03 5.6880733944954e-03 
51 3.3600000000000e-03 1.6000000000000e-03 3.1040000000000e-02 4.0000000000000e-03 4.4800000000000e-03 3.3600000000000e-03 3.3600000000000e-03 6.2400000000000e-03 3.4624000000000e-01 9.9200000000000e-03 1.2288000000000e-01 2.0800000000000e-03 6.5280000000000e-02 2.0800000000000e-03 1.9200000000000e-03 1.7600000000000e-03 1.7600000000000e-03 3.7040000000000e-01 2.0800000000000e-03 2.0800000000000e-03 1.6000000000000e-03 1.6000000000000e-03 3.3600000000000e-03 5.4400000000000e-03 2.0800000000000e-03 
52 4.2487046632124e-03 4.3523316062176e-03 4.2797927461140e-02 8.2901554404145e-03 1.8652849740933e-03 4.7668393782383e-02 5.2849740932642e-03 3.4196891191710e-03 1.5129533678756e-02 6.5284974093264e-03 1.3471502590674e-03 1.4404145077720e-02 2.6943005181347e-03 1.9440414507772e-01 2.4870466321244e-02 9.7098445595855e-02 1.0569948186528e-02 2.2694300518135e-02 8.4352331606218e-02 1.5191709844560e-01 1.4818652849741e-02 1.1191709844560e-02 1.1191709844560e-02 1.0062176165803e-01 1.1823834196891e-01 
53 9.8277511961722e-02 2.7454545454545e-01 2.9665071770335e-03 2.1052631578947e-03 5.8277511961722e-02 1.4172248803828e-01 8.1722488038278e-02 2.8708133971292e-03 1.7224880382775e-03 1.5311004784689e-03 1.2440191387560e-03 2.5837320574163e-03 1.5311004784689e-03 3.1291866028708e-02 4.5933014354067e-03 7.5502392344498e-02 1.2440191387560e-03 6.2200956937799e-03 1.1923444976077e-01 6.0287081339713e-03 4.8325358851675e-02 1.6076555023923e-02 9.4736842105263e-03 8.6124401913876e-03 2.2966507177034e-03 
54 3.0917874396135e-03 9.3719806763285e-03 1.2657004830918e-02 1.4492753623188e-03 1.1594202898551e-03 1.5217391304348e-01 8.2125603864734e-03 2.5024154589372e-01 1.1594202898551e-03 1.7391304347826e-03 8.8599033816425e-02 1.7391304347826e-03 1.2560386473430e-03 1.2647342995169e-01 7.7777777777778e-02 4.6376811594203e-03 1.8144927536232e-01 3.3816425120773e-03 2.8019323671498e-03 1.1594202898551e-03 3.3816425120773e-03 2.9951690821256e-03 1.6425120772947e-03 5.0241545893720e-03 5.6425120772947e-02 
55 4.4329004329004e-02 3.7956709956710e-01 5.0216450216450e-03 1.7316017316017e-03 1.3939393939394e-02 2.7809523809524e-01 1.2987012987013e-03 7.1948051948052e-02 1.9307359307359e-02 3.8095238095238e-03 9.5238095238095e-04 5.2813852813853e-03 6.1471861471861e-03 9.0303030303030e-02 2.1645021645022e-03 1.3852813852814e-03 1.8268398268398e-02 4.0692640692641e-03 8.7445887445887e-03 1.8354978354978e-02 2.7705627705628e-03 1.3679653679654e-02 1.7316017316017e-03 1.2121212121212e-03 5.8874458874459e-03 
56 4.3561643835616e-02 8.2739726027397e-02 5.3424657534247e-02 4.9315068493151e-03 4.2191780821918e-02 2.8520547945205e-01 4.1095890410959e-03 6.0273972602740e-03 1.6273972602740e-01 8.2191780821918e-03 2.7397260273973e-03 1.0465753424658e-01 9.0410958904110e-03 2.3835616438356e-02 5.7534246575343e-03 4.6575342465753e-03 5.4794520547945e-03 3.9178082191781e-02 1.1232876712329e-02 4.3835616438356e-03 1.7808219178082e-02 2.7397260273973e-03 6.0273972602740e-03 6.6027397260274e-02 3.2876712328767e-03 
57 7.2000000000000e-02 2.3022222222222e-02 7.9466666666667e-02 4.3555555555556e-03 1.5022222222222e-02 3.4844444444445e-02 1.7777777777778e-03 3.3777777777778e-02 1.7777777777778e-03 1.4222222222222e-03 4.5688888888889e-02 2.4000000000000e-03 1.6000000000000e-03 1.6364444444444e-01 3.4666666666667e-03 6.5066666666667e-02 8.9777777777778e-03 2.5777777777778e-02 2.3706666666667e-01 5.1555555555556e-03 2.5777777777778e-03 4.1511111111111e-02 1.2524444444444e-01 3.1111111111111e-03 1.2444444444444e-03 
58 9.4685990338164e-02 2.3188405797101e-03 5.3140096618358e-03 3.0917874396135e-03 1.0434782608696e-02 4.8309178743961e-03 1.1594202898551e-03 3.6714975845411e-03 3.0917874396135e-03 5.6038647342995e-03 1.1787439613527e-02 1.3140096618357e-02 2.6086956521739e-03 1.7487922705314e-01 3.9130434782609e-02 3.1207729468599e-02 6.3188405797102e-02 2.3188405797101e-03 1.9323671497585e-03 9.7777777777778e-02 1.1594202898551e-03 1.5362318840580e-02 2.1545893719807e-02 3.3236714975845e-02 3.5652173913043e-01 
59 1.4814814814815e-02 5.0370370370370e-02 1.9259259259259e-02 1.9185185185185e-01 1.8518518518518e-02 1.1111111111111e-02 7.4074074074074e-03 3.1851851851852e-02 3.1555555555556e-01 3.7037037037037e-02 1.6296296296296e-02 1.4370370370370e-01 2.2962962962963e-02 7.4074074074074e-03 1.0370370370370e-02 7.4074074074074e-03 2.2962962962963e-02 7.4074074074074e-03 1.2592592592593e-02 8.1481481481482e-03 8.1481481481482e-03 8.8888888888889e-03 8.8888888888889e-03 7.4074074074074e-03 9.6296296296296e-03 
60 3.1428571428571e-02 1.2380952380952e-02 3.1428571428571e-02 3.0476190476190e-02 1.8095238095238e-02 1.2380952380952e-02 4.6666666666667e-02 5.2380952380952e-02 4.9333333333333e-01 4.1904761904762e-02 1.4285714285714e-02 1.3333333333333e-02 2.4761904761905e-02 2.0952380952381e-02 1.6190476190476e-02 9.5238095238095e-03 1.7142857142857e-02 3.2380952380952e-02 9.5238095238095e-03 1.3333333333333e-02 1.1428571428571e-02 9.5238095238095e-03 1.1428571428571e-02 1.1428571428571e-02 1.4285714285714e-02 
61 1.9024390243902e-02 3.3170731707317e-03 1.0751219512195e-01 2.6341463414634e-03 6.4390243902439e-03 3.9414634146341e-02 1.8536585365854e-03 1.3746341463415e-01 2.0487804878049e-03 1.1707317073171e-03 1.3658536585366e-03 1.9512195121951e-03 2.3414634146341e-03 1.4673170731707e-01 2.1463414634146e-03 2.0487804878049e-03 1.1609756097561e-02 1.1707317073171e-03 1.5121951219512e-01 1.2682926829268e-02 1.2292682926829e-02 3.0243902439024e-03 2.5219512195122e-01 2.4390243902439e-03 7.5902439024390e-02 
62 1.1698324022346e-01 2.1363128491620e-01 8.0670391061452e-02 2.2122905027933e-02 4.3575418994413e-03 1.3675977653631e-01 6.0335195530726e-03 1.2849162011173e-02 2.6815642458101e-03 1.4413407821229e-02 8.4916201117318e-03 2.9050279329609e-03 2.0111731843575e-03 2.1005586592179e-01 1.4525139664804e-03 1.9329608938547e-02 2.6815642458101e-03 7.6312849162011e-02 1.6759776536313e-03 2.3687150837989e-02 2.3463687150838e-03 3.3184357541899e-02 1.4525139664804e-03 2.5698324022346e-03 1.3407821229050e-03 
63 2.0095693779904e-02 3.1291866028708e-02 1.3684210526316e-02 1.2344497607655e-02 1.4354066985646e-03 1.5406698564593e-02 1.0086124401914e-01 2.0325358851675e-01 1.8181818181818e-03 3.5406698564593e-03 1.1483253588517e-03 2.8708133971292e-03 2.0478468899522e-02 1.2076555023923e-01 3.3492822966507e-03 4.5550239234450e-02 5.8277511961722e-02 7.5598086124402e-03 3.9234449760766e-03 5.6076555023923e-02 7.3684210526316e-03 3.1578947368421e-03 1.6851674641148e-01 9.0909090909091e-02 6.3157894736842e-03 
64 2.2222222222222e-03 2.2320000000000e-01 4.0000000000000e-03 9.7777777777778e-04 7.1111111111111e-02 1.0924444444444e-01 1.0400000000000e-02 1.5297777777778e-01 1.3333333333333e-03 1.2444444444444e-03 2.7555555555556e-03 1.6888888888889e-03 1.1555555555556e-03 9.3866666666667e-02 1.9733333333333e-02 1.1555555555556e-03 2.0444444444444e-03 4.6222222222222e-03 8.8000000000000e-03 1.4346666666667e-01 1.1555555555556e-03 1.3866666666667e-02 1.1502222222222e-01 7.2888888888889e-03 6.6666666666667e-03 
65 5.0980392156863e-03 4.1830065359477e-03 3.3986928104575e-03 2.9411764705882e-02 2.7450980392157e-03 1.8300653594771e-03 2.3529411764706e-03 1.4666666666667e-01 3.1372549019608e-03 2.7843137254902e-02 1.3986928104575e-01 2.3529411764706e-03 2.2222222222222e-03 6.3267973856209e-02 3.1372549019608e-03 4.3267973856209e-02 6.0130718954248e-03 4.1830065359477e-03 8.6274509803922e-03 1.0143790849673e-01 2.3529411764706e-03 1.9869281045752e-02 3.6888888888889e-01 4.5751633986928e-03 3.2679738562092e-03 
66 8.1118881118881e-03 2.3776223776224e-03 1.8181818181818e-03 4.4615384615385e-02 8.7692307692308e-02 3.9160839160839e-03 6.0139860139860e-03 4.1538461538462e-02 6.9272727272727e-01 1.1328671328671e-02 3.6363636363636e-03 6.5734265734266e-03 1.6783216783217e-03 3.9160839160839e-03 9.5104895104895e-03 4.8951048951049e-03 4.8951048951049e-03 4.5594405594406e-02 3.3566433566434e-03 4.8951048951049e-03 2.0979020979021e-03 1.5384615384615e-03 1.8181818181818e-03 1.8181818181818e-03 3.6363636363636e-03 
67 2.5570776255708e-03 1.2173515981735e-01 1.0684931506849e-02 6.9406392694064e-03 1.0867579908676e-02 2.7945205479452e-02 2.8310502283105e-03 1.1936073059361e-01 1.7351598173516e-03 3.0136986301370e-03 6.6666666666667e-03 3.3789954337900e-03 1.4611872146119e-03 1.3342465753425e-01 1.3452054794521e-01 1.3287671232877e-01 7.1232876712329e-03 3.3789954337900e-03 5.0228310502283e-03 1.5159817351598e-02 2.6484018264840e-03 5.8721461187215e-02 5.7534246575343e-02 3.1598173515982e-02 9.8812785388128e-02 
68 6.1052631578947e-03 3.1578947368421e-03 1.0105263157895e-02 1.5494736842105e-01 8.8421052631579e-03 2.3157894736842e-03 2.7368421052632e-03 2.3157894736842e-02 1.5600000000000e-01 2.9473684210526e-03 4.2715789473684e-01 1.4273684210526e-01 4.2105263157895e-03 2.9473684210526e-03 9.0526315789474e-03 3.7894736842105e-03 2.5263157894737e-03 1.1789473684211e-02 5.4736842105263e-03 6.1052631578947e-03 2.1052631578947e-03 2.3157894736842e-03 4.0000000000000e-03 3.3684210526316e-03 2.1052631578947e-03 
69 9.6576576576577e-02 4.1441441441441e-03 1.9819819819820e-03 2.7027027027027e-03 2.4684684684685e-02 9.3153153153153e-02 2.5225225225225e-03 1.9819819819820e-03 5.5855855855856e-03 9.1711711711712e-02 4.5657657657658e-01 4.6846846846847e-03 2.5225225225225e-03 3.2432432432432e-03 3.2612612612613e-02 1.9819819819820e-03 2.1621621621622e-03 9.3693693693694e-02 3.0630630630631e-03 2.3423423423423e-03 2.5225225225225e-03 3.7837837837838e-02 2.1621621621622e-03 1.2792792792793e-02 1.6756756756757e-02 
70 1.5469613259669e-03 6.2872928176796e-02 1.1591160220994e-01 2.3204419889503e-03 1.7569060773481e-02 7.0276243093923e-02 1.0795580110497e-01 2.2077348066298e-01 2.2099447513812e-03 3.6464088397790e-03 7.6243093922652e-03 1.1160220994475e-02 1.6574585635359e-03 1.5204419889503e-01 1.4585635359116e-02 5.7458563535912e-03 3.2044198895028e-03 1.0718232044199e-02 2.8729281767956e-03 3.9779005524862e-03 1.2596685082873e-02 3.0939226519337e-03 1.7127071823204e-02 1.1712707182320e-02 1.3679558011050e-01 
71 4.6829268292683e-03 1.1434146341463e-01 1.7658536585366e-02 3.4146341463415e-03 1.7951219512195e-02 1.5863414634146e-01 1.9512195121951e-03 2.6341463414634e-03 2.2439024390244e-03 3.4146341463415e-03 1.9512195121951e-03 2.3414634146341e-03 1.7365853658537e-02 5.2195121951219e-02 5.9609756097561e-02 4.3707317073171e-02 6.6829268292683e-02 5.2682926829268e-03 1.6790243902439e-01 2.3043902439024e-01 2.1463414634146e-03 7.6097560975610e-03 7.5121951219512e-03 1.0731707317073e-03 7.1219512195122e-03 
72 6.2466960352423e-02 3.0837004405286e-03 1.6740088105727e-03 1.3215859030837e-03 4.5814977973568e-03 7.8414096916300e-03 9.0837004405286e-02 3.5242290748899e-02 1.3215859030837e-03 2.9074889867841e-03 7.2246696035242e-03 1.4096916299559e-03 1.5859030837004e-03 1.6960352422907e-01 4.6696035242291e-03 1.8969162995595e-01 1.2334801762115e-03 1.3215859030837e-03 1.5859030837004e-03 9.8325991189427e-02 2.0264317180617e-03 1.3215859030837e-03 2.2396475770925e-01 8.1145374449339e-02 3.6123348017621e-03 
73 1.6455696202532e-01 2.5316455696203e-03 1.3518987341772e-01 5.0632911392405e-03 4.2531645569620e-02 5.1645569620253e-02 2.7848101265823e-03 1.4177215189873e-02 3.0253164556962e-01 2.0101265822785e-01 5.0632911392405e-03 2.5316455696203e-03 4.0506329113924e-03 9.3670886075949e-03 4.0506329113924e-03 7.5949367088607e-03 3.5443037974684e-03 4.0506329113924e-03 3.0379746835443e-03 4.0506329113924e-03 5.8227848101266e-03 2.5316455696203e-03 8.1012658227848e-03 5.8227848101266e-03 8.3544303797468e-03 
74 2.2810457516340e-01 5.0980392156863e-03 1.0065359477124e-02 4.5751633986928e-03 7.1895424836601e-03 1.8300653594771e-02 1.5686274509804e-03 8.1045751633987e-03 7.9084967320261e-02 3.8954248366013e-02 2.4836601307190e-03 2.5568627450980e-01 1.6993464052288e-03 1.8300653594771e-03 3.0875816993464e-01 1.5686274509804e-03 3.1372549019608e-03 4.9673202614379e-03 1.8300653594771e-03 1.8300653594771e-03 1.5686274509804e-03 4.8366013071895e-03 2.2222222222222e-03 3.9215686274510e-03 2.6143790849673e-03 
75 8.2706766917293e-03 5.8646616541353e-03 3.1578947368421e-03 3.5849624060150e-01 8.3007518796993e-02 3.0075187969925e-03 2.5563909774436e-03 1.4285714285714e-02 9.6691729323308e-02 2.8421052631579e-02 1.2857142857143e-01 1.8481203007519e-01 3.1428571428571e-02 8.5714285714286e-03 3.1578947368421e-03 4.9624060150376e-03 2.5563909774436e-03 1.3834586466165e-02 2.8571428571429e-03 2.4060150375940e-03 2.5563909774436e-03 1.6541353383459e-03 4.9624060150376e-03 2.4060150375940e-03 1.5037593984962e-03 
76 1.0701986754967e-01 3.9735099337748e-03 6.5562913907285e-02 4.5033112582781e-02 5.1655629139073e-03 2.9139072847682e-03 1.3509933774834e-02 2.1192052980132e-03 1.2317880794702e-02 2.5562913907285e-02 3.8807947019868e-02 8.2781456953642e-02 4.2278145695364e-01 1.4569536423841e-03 1.4569536423841e-03 2.9139072847682e-03 4.3708609271523e-03 1.0860927152318e-02 1.9867549668874e-03 2.1192052980132e-03 2.9139072847682e-03 1.7218543046358e-03 1.2834437086093e-01 1.1920529801324e-02 2.3841059602649e-03 
77 1.9384615384615e-02 4.9230769230769e-03 1.0584615384615e-01 3.3846153846154e-03 7.2000000000000e-02 3.3538461538461e-02 3.3846153846154e-03 3.3846153846154e-03 2.2461538461538e-02 1.4707692307692e-01 7.0769230769231e-03 3.3846153846154e-03 3.6923076923077e-03 4.0000000000000e-03 5.1076923076923e-02 5.5384615384616e-03 4.0000000000000e-03 4.6830769230769e-01 9.2307692307692e-03 3.3846153846154e-03 6.1538461538462e-03 5.8461538461539e-03 4.0000000000000e-03 4.9230769230769e-03 4.0000000000000e-03 
78 1.0019138755981e-01 3.0622009569378e-03 6.7846889952153e-02 2.5837320574163e-03 3.8277511961723e-03 9.3779904306220e-03 8.6124401913875e-03 4.0478468899522e-02 3.9234449760766e-03 2.9665071770335e-03 3.9617224880383e-02 2.2009569377990e-03 2.5550239234450e-02 1.1578947368421e-02 1.3492822966507e-02 2.9473684210526e-02 1.4765550239234e-01 2.6794258373206e-03 3.6956937799043e-01 4.6985645933014e-02 4.1148325358852e-03 1.8181818181818e-02 1.1578947368421e-02 1.0334928229665e-02 2.4114832535885e-02 
