0 1.8181818181818e-03 2.2966507177034e-03 1.3301435406699e-02 3.3397129186603e-02 3.6363636363636e-03 9.4736842105263e-03 8.7081339712919e-03 3.3492822966507e-03 1.8181818181818e-03 1.4258373205742e-02 3.5406698564593e-03 5.7416267942584e-03 1.4449760765550e-02 4.3062200956938e-03 9.2822966507177e-03 7.2344497607655e-02 8.9952153110048e-03 2.7559808612440e-02 5.5502392344498e-03 2.2009569377990e-03 2.4880382775120e-03 2.7177033492823e-02 2.0956937799043e-02 8.1339712918660e-02 6.2200956937799e-01 
1 1.1695906432749e-03 1.2865497076023e-03 1.2865497076023e-03 1.2865497076023e-03 2.2222222222222e-03 1.1695906432749e-03 1.4035087719298e-03 1.4035087719298e-03 1.4035087719298e-03 1.4035087719298e-03 1.1695906432749e-03 1.2865497076023e-03 1.1695906432749e-03 1.2865497076023e-03 1.2865497076023e-03 1.1695906432749e-03 1.1695906432749e-03 1.4035087719298e-03 1.1695906432749e-03 1.2865497076023e-03 1.4035087719298e-03 2.4444444444444e-01 1.2865497076023e-03 6.6666666666667e-03 7.1976608187135e-01 
2 4.1269841269841e-03 4.7619047619048e-03 3.8095238095238e-03 4.7619047619048e-03 3.1746031746032e-03 3.4920634920635e-03 4.1269841269841e-03 3.1746031746032e-03 3.8095238095238e-03 3.4920634920635e-03 4.1269841269841e-03 3.8095238095238e-03 3.1746031746032e-03 3.8095238095238e-03 3.1746031746032e-03 4.1269841269841e-03 3.4920634920635e-03 8.1587301587302e-02 3.1746031746032e-03 4.7619047619048e-03 3.1746031746032e-03 3.1746031746032e-03 1.7682539682540e-01 3.1746031746032e-02 6.3111111111111e-01 
3 9.8630136986301e-03 1.6438356164384e-03 5.7534246575342e-03 2.1004566210046e-03 4.8949771689498e-02 3.3789954337900e-03 2.7397260273973e-03 4.2009132420091e-03 2.7214611872146e-02 3.4703196347032e-03 4.8401826484018e-03 2.3744292237443e-03 1.7351598173516e-03 2.1004566210046e-03 3.2876712328767e-03 1.0228310502283e-02 1.4611872146119e-03 2.1369863013699e-02 2.7397260273973e-03 5.5707762557078e-03 2.0091324200913e-03 1.0410958904110e-02 1.4520547945205e-02 1.3698630136986e-03 8.0666666666667e-01 
4 1.6793893129771e-03 1.6793893129771e-03 1.8320610687023e-03 1.5267175572519e-03 1.5267175572519e-03 1.6793893129771e-03 3.4503816793893e-02 1.5267175572519e-03 1.5267175572519e-03 1.6793893129771e-03 1.8320610687023e-03 1.5267175572519e-03 1.6793893129771e-03 1.6793893129771e-03 1.5267175572519e-03 1.8320610687023e-03 1.5267175572519e-03 1.8320610687023e-03 2.5603053435114e-01 1.6793893129771e-03 1.6793893129771e-03 1.5267175572519e-03 3.6183206106870e-02 2.2900763358779e-03 6.3801526717557e-01 
5 1.4639676113360e-01 2.7530364372470e-03 3.2388663967611e-03 1.6599190283401e-02 4.2024291497976e-02 9.7165991902834e-04 2.6720647773279e-03 3.2388663967611e-03 1.2955465587045e-03 9.1497975708502e-03 5.5870445344130e-03 8.9068825910931e-03 2.9959514170040e-03 1.6194331983806e-03 1.2712550607287e-02 9.0688259109312e-03 6.7206477732794e-03 9.5546558704453e-03 1.7813765182186e-03 1.9433198380567e-03 4.0485829959514e-03 2.4372469635628e-02 2.7530364372470e-03 1.4574898785425e-03 6.7813765182186e-01 
6 1.2435233160622e-03 2.7046632124352e-02 3.5233160621762e-03 1.4290155440415e-01 1.9067357512953e-02 7.7720207253886e-03 2.4870466321244e-03 1.5544041450777e-03 4.1450777202072e-03 3.1088082901554e-03 1.9378238341969e-02 3.8341968911917e-03 6.6321243523316e-03 6.2176165803109e-03 1.4922279792746e-02 1.2435233160622e-03 1.5544041450777e-03 3.5233160621762e-03 1.9689119170984e-03 3.0673575129534e-02 5.5958549222798e-03 1.5544041450777e-03 8.7046632124352e-03 1.2435233160622e-02 6.6891191709845e-01 
7 1.9847328244275e-03 2.2900763358779e-03 5.9541984732825e-03 2.1374045801527e-03 9.9236641221374e-03 6.1068702290076e-03 2.2900763358779e-03 1.5267175572519e-03 2.2900763358779e-03 2.7480916030534e-03 6.4580152671756e-02 1.8320610687023e-03 3.2061068702290e-03 2.4427480916030e-03 3.8167938931298e-03 1.6793893129771e-03 2.2900763358779e-03 1.6793893129771e-03 3.9694656488550e-03 3.0534351145038e-03 1.5267175572519e-03 2.6870229007634e-02 1.8320610687023e-03 1.8320610687023e-03 8.4213740458015e-01 
8 1.0584474885845e-01 2.9223744292238e-03 7.4885844748858e-03 6.3926940639269e-03 2.2831050228311e-03 2.1004566210046e-03 1.6255707762557e-02 2.2831050228310e-03 6.3926940639269e-03 3.1050228310502e-03 1.1570776255708e-01 4.2922374429224e-03 3.0136986301370e-03 2.4657534246575e-03 1.1872146118721e-03 3.6529680365297e-03 1.4611872146119e-03 9.1324200913242e-03 2.4657534246575e-03 3.0136986301370e-03 6.0273972602740e-03 3.3789954337900e-03 2.5570776255708e-03 1.3333333333333e-02 6.7324200913242e-01 
9 1.3897674418605e-01 1.3953488372093e-03 2.9767441860465e-03 1.1162790697674e-03 1.0232558139535e-03 1.1162790697674e-03 6.0465116279070e-03 1.7674418604651e-03 1.9441860465116e-02 2.7906976744186e-03 1.1162790697674e-03 1.0232558139535e-03 6.3255813953488e-03 1.5813953488372e-03 1.0232558139535e-03 1.0232558139535e-03 1.3953488372093e-03 1.2093023255814e-03 1.0232558139535e-03 1.4883720930233e-03 1.4883720930233e-03 3.7209302325581e-03 1.3023255813953e-03 1.4883720930233e-03 7.9813953488372e-01 
10 2.6609442060086e-03 1.1158798283262e-03 1.1502145922747e-02 2.3493562231760e-01 2.0600858369099e-03 1.6309012875536e-03 4.2918454935622e-03 5.2017167381974e-02 1.0901287553648e-02 3.5193133047210e-03 3.4334763948498e-03 1.0300429184549e-03 1.2875536480687e-03 2.4892703862661e-03 2.2918454935622e-02 1.4506437768240e-02 4.0343347639485e-03 3.2618025751073e-03 1.1502145922747e-02 1.2703862660944e-02 2.5751072961373e-03 1.0300429184549e-03 9.4420600858369e-04 1.9742489270386e-03 5.9167381974249e-01 
11 1.0918660287081e-01 1.1483253588517e-03 1.1483253588517e-03 2.1913875598086e-02 3.1578947368421e-03 2.0095693779904e-03 9.0909090909091e-03 3.8277511961723e-03 3.5502392344498e-02 6.4114832535885e-03 2.4880382775120e-03 1.2440191387560e-03 2.3923444976077e-03 2.4880382775120e-03 2.3923444976077e-03 1.2440191387560e-03 1.2918660287081e-02 5.0717703349282e-03 5.4545454545455e-03 1.7416267942584e-02 2.9665071770335e-03 2.0095693779904e-03 1.7224880382775e-03 1.1483253588517e-03 7.4564593301435e-01 
12 2.0095693779904e-03 4.8803827751196e-03 2.2583732057416e-02 4.8803827751196e-03 1.6267942583732e-02 4.2105263157895e-03 1.7224880382775e-03 5.0717703349282e-03 5.2631578947368e-03 9.7607655502392e-03 4.8995215311005e-02 5.3588516746412e-03 5.3588516746412e-03 4.5933014354067e-03 3.6363636363636e-03 7.6555023923445e-03 2.0095693779904e-03 4.4019138755981e-03 6.0287081339713e-03 1.7416267942584e-02 2.3923444976077e-03 1.1866028708134e-02 1.3205741626794e-02 5.9330143540670e-03 7.8449760765550e-01 
13 2.3423423423423e-03 2.3423423423423e-03 3.6036036036036e-03 1.9819819819820e-03 1.9819819819820e-03 2.3423423423423e-03 2.1621621621622e-03 1.9819819819820e-03 1.9819819819820e-03 1.8018018018018e-03 1.9819819819820e-03 2.3423423423423e-03 2.6522522522522e-01 2.5225225225225e-03 2.1621621621622e-03 1.9819819819820e-03 4.3243243243243e-03 1.8018018018018e-03 1.8018018018018e-03 2.7027027027027e-03 2.7027027027027e-03 9.3693693693694e-03 2.1621621621622e-03 1.9819819819820e-03 6.7441441441441e-01 
14 4.8789237668161e-02 2.2421524663677e-03 1.2556053811659e-03 4.3946188340807e-03 2.4035874439462e-02 2.6008968609865e-03 1.7668161434978e-02 2.1524663677130e-03 1.8834080717489e-03 7.3004484304933e-02 4.4843049327354e-03 1.6143497757848e-03 3.1390134529148e-03 9.7757847533632e-03 8.1614349775785e-03 6.2511210762332e-02 1.5246636771300e-03 7.5336322869955e-03 2.2421524663677e-03 3.3183856502242e-03 1.8834080717489e-03 4.5739910313901e-03 1.2376681614350e-02 2.6008968609866e-03 6.9623318385650e-01 
15 2.4242424242424e-03 2.2222222222222e-03 2.4242424242424e-03 2.2222222222222e-03 2.2222222222222e-03 2.6262626262626e-03 2.4242424242424e-03 2.6262626262626e-03 2.0202020202020e-03 2.2222222222222e-03 4.8484848484848e-03 4.0404040404040e-03 2.2222222222222e-03 2.0202020202020e-03 2.0202020202020e-03 5.8585858585859e-03 2.0202020202020e-03 2.0202020202020e-03 2.0202020202020e-03 2.2222222222222e-03 2.4242424242424e-03 4.7191919191919e-01 2.2222222222222e-03 2.2222222222222e-03 4.6848484848485e-01 
16 1.3612565445026e-03 1.8324607329843e-02 1.1518324607330e-03 1.4659685863874e-03 4.7120418848168e-03 2.8272251308901e-03 3.3507853403141e-03 1.3612565445026e-03 3.2041884816754e-02 1.0471204188482e-03 1.9895287958115e-03 2.0942408376963e-03 1.6753926701571e-03 2.0942408376963e-03 6.8062827225131e-03 1.5706806282722e-03 1.0471204188482e-03 3.6649214659686e-03 1.9895287958115e-03 5.8638743455497e-03 2.2617801047120e-02 1.5916230366492e-02 1.0471204188482e-03 2.4083769633508e-03 8.6157068062827e-01 
17 2.5806451612903e-03 4.7311827956989e-03 2.3655913978495e-03 2.7956989247312e-03 2.5806451612903e-03 2.3655913978495e-03 1.0537634408602e-02 2.7956989247312e-03 2.6236559139785e-02 7.7419354838710e-03 2.7956989247312e-03 2.5806451612903e-03 3.8709677419355e-03 5.1612903225806e-03 3.6559139784946e-03 2.1505376344086e-03 2.3655913978495e-03 5.8064516129032e-03 2.0344086021505e-01 2.7956989247312e-03 3.2258064516129e-03 2.1505376344086e-03 4.5161290322581e-03 2.5806451612903e-03 6.8817204301075e-01 
18 8.9779735682819e-02 3.7004405286344e-03 1.1101321585903e-02 2.3788546255507e-03 8.3700440528634e-03 3.1718061674009e-03 1.7621145374449e-03 6.3436123348018e-03 1.7709251101322e-02 1.2599118942731e-02 2.1145374449339e-03 8.4581497797357e-03 2.5550660792952e-03 1.2334801762115e-03 3.4361233480176e-03 6.0792951541850e-03 1.3215859030837e-03 7.0484581497797e-03 4.5814977973568e-03 3.0837004405286e-03 5.7268722466960e-03 4.3171806167401e-03 5.7268722466960e-03 1.8502202643172e-03 7.8555066079295e-01 
19 2.5149700598802e-03 1.5568862275449e-03 1.3173652694611e-03 1.5568862275449e-03 1.6766467065868e-03 1.3173652694611e-03 8.5029940119760e-03 1.4371257485030e-03 6.3473053892216e-03 1.4371257485030e-03 5.5089820359281e-03 1.5568862275449e-03 8.6227544910180e-03 2.1556886227545e-03 2.1556886227545e-03 1.5568862275449e-03 1.1976047904192e-03 1.6766467065868e-03 8.7904191616766e-02 1.4371257485030e-03 2.0359281437126e-03 1.9161676646707e-03 3.1820359281437e-01 1.1976047904192e-03 5.3520958083832e-01 
20 1.3526570048309e-03 2.5120772946860e-03 7.1497584541063e-03 7.7294685990338e-03 1.0376811594203e-01 2.0289855072464e-03 3.4299516908213e-02 2.6086956521739e-03 1.7971014492754e-02 5.9903381642512e-03 6.1835748792271e-03 4.7342995169082e-03 2.6086956521739e-03 8.1159420289855e-03 1.2850241545894e-02 2.2608695652174e-02 3.9227053140097e-02 1.1111111111111e-02 2.1256038647343e-03 1.1690821256039e-02 3.6714975845411e-03 3.8647342995169e-03 3.8164251207729e-02 5.2560386473430e-02 5.9507246376812e-01 
21 2.7350427350427e-03 1.9658119658120e-02 2.7350427350427e-03 2.5641025641026e-03 4.7863247863248e-03 7.3504273504273e-03 5.8119658119658e-03 2.5641025641026e-03 4.9572649572650e-03 4.6153846153846e-03 2.2222222222222e-03 8.3760683760684e-03 5.1282051282051e-03 1.1452991452991e-02 1.8803418803419e-03 2.3931623931624e-03 2.0512820512821e-02 2.7350427350427e-03 4.6324786324786e-02 2.9059829059829e-03 3.0769230769231e-03 1.8803418803419e-03 2.7128205128205e-01 3.0769230769231e-03 5.5897435897436e-01 
22 2.7848101265823e-03 3.0379746835443e-03 3.0379746835443e-03 3.5443037974684e-03 2.7848101265823e-03 3.0379746835443e-03 3.5443037974684e-03 3.5443037974684e-03 3.2911392405063e-03 2.5316455696203e-03 2.7848101265823e-03 1.5696202531646e-02 2.7848101265823e-03 3.2911392405063e-03 3.2911392405063e-03 2.7848101265823e-03 3.1974683544304e-01 2.7848101265823e-03 3.7974683544304e-03 2.7848101265823e-03 3.2911392405063e-03 4.5569620253165e-03 2.5316455696203e-03 2.7848101265823e-03 5.9594936708861e-01 
23 1.2571428571429e-03 1.2571428571429e-03 1.2571428571429e-03 1.8285714285714e-03 1.7142857142857e-03 1.2571428571429e-03 1.1428571428571e-03 2.8571428571429e-03 1.3714285714286e-03 1.8285714285714e-03 2.4000000000000e-03 1.3485714285714e-02 2.2857142857143e-03 1.8285714285714e-03 1.9428571428571e-03 1.2651428571429e-01 6.6285714285714e-03 1.3714285714286e-03 1.4857142857143e-03 1.3977142857143e-01 1.4857142857143e-03 1.1314285714286e-02 7.0857142857143e-03 1.3714285714286e-03 6.6525714285714e-01 
24 1.0044444444444e-02 2.7555555555556e-03 2.7555555555556e-03 1.0755555555556e-02 2.2755555555556e-02 4.0000000000000e-03 1.7777777777778e-03 2.8444444444445e-03 2.3111111111111e-03 4.0888888888889e-03 1.6888888888889e-03 5.1555555555556e-03 9.8844444444444e-02 4.2666666666667e-03 2.4000000000000e-03 1.6888888888889e-03 1.6000000000000e-03 3.7777777777778e-02 1.6000000000000e-03 9.2444444444444e-03 4.0000000000000e-03 2.7288888888889e-02 7.8222222222222e-03 1.6888888888889e-03 7.3084444444444e-01 
25 5.2054794520548e-03 3.0136986301370e-03 4.1095890410959e-03 3.8356164383562e-03 3.0136986301370e-03 3.8356164383562e-03 3.0136986301370e-03 3.0136986301370e-03 3.5616438356164e-03 3.0136986301370e-03 3.5616438356164e-03 2.7397260273973e-03 2.7397260273973e-03 3.5616438356164e-03 2.7397260273973e-03 2.7150684931507e-01 5.6986301369863e-02 3.2876712328767e-03 2.7397260273973e-03 6.8493150684932e-03 2.7397260273973e-03 2.7397260273973e-03 7.6712328767123e-03 7.6712328767123e-03 5.8684931506849e-01 
26 1.5813953488372e-03 1.3023255813953e-03 2.5116279069767e-03 1.9534883720930e-03 1.7674418604651e-03 2.0465116279070e-03 4.0930232558140e-03 5.0232558139535e-03 1.7674418604651e-03 5.7674418604651e-03 2.1581395348837e-02 2.3255813953488e-03 3.7767441860465e-02 8.1860465116279e-02 4.6511627906977e-03 2.4186046511628e-03 2.6046511627907e-03 4.1860465116279e-03 9.9534883720930e-03 1.6744186046512e-03 1.8604651162791e-03 6.3255813953488e-03 3.2000000000000e-02 1.0753488372093e-01 6.5544186046512e-01 
27 2.4927536231884e-02 3.1884057971015e-03 4.6376811594203e-03 3.4782608695652e-03 3.1884057971015e-03 7.8260869565217e-03 3.7681159420290e-03 3.4782608695652e-03 3.7681159420290e-03 3.1884057971015e-03 4.0579710144928e-03 3.4782608695652e-03 6.6666666666667e-03 3.1884057971015e-03 3.4782608695652e-03 4.3478260869565e-03 3.7681159420290e-03 3.4782608695652e-03 3.1884057971015e-03 3.1884057971015e-03 2.8985507246377e-03 2.2811594202899e-01 2.8985507246377e-03 2.8985507246377e-03 6.6289855072464e-01 
28 3.0088495575221e-03 1.9469026548673e-03 3.5398230088496e-03 2.4778761061947e-03 5.3097345132743e-03 3.3628318584071e-03 1.9469026548673e-03 3.1858407079646e-03 2.4778761061947e-02 2.1238938053097e-03 2.1238938053097e-03 2.4778761061947e-03 2.8318584070796e-03 2.4778761061947e-03 4.6017699115044e-03 1.9469026548673e-03 2.3008849557522e-03 1.7699115044248e-03 2.1238938053097e-03 2.4778761061947e-03 5.0619469026549e-02 1.5469026548673e-01 1.9469026548673e-03 2.1238938053097e-03 7.1380530973451e-01 
29 2.2764227642276e-03 2.2764227642276e-03 2.2764227642276e-03 3.0894308943089e-03 1.9512195121951e-03 1.9512195121951e-03 3.2520325203252e-03 3.0894308943089e-03 6.0162601626016e-03 3.2520325203252e-03 2.4390243902439e-03 1.7886178861789e-03 2.5853658536585e-02 3.5772357723577e-03 2.2764227642276e-03 2.1138211382114e-03 2.6829268292683e-02 2.1138211382114e-03 3.9024390243902e-03 2.9268292682927e-02 2.7642276422764e-03 3.0894308943089e-03 2.6016260162602e-03 1.3544715447154e-01 7.2650406504065e-01 
30 3.3766233766234e-03 2.5974025974026e-03 2.8571428571429e-03 6.4935064935065e-03 5.1948051948052e-03 2.8571428571429e-03 2.8571428571429e-03 2.5974025974026e-03 3.0909090909091e-02 3.1168831168831e-03 8.8311688311688e-03 2.8571428571429e-03 3.6363636363636e-03 3.6363636363636e-03 3.8961038961039e-03 2.8571428571429e-03 3.1168831168831e-03 3.8961038961039e-03 3.3766233766234e-03 3.3766233766234e-03 9.2727272727273e-02 9.6363636363636e-02 4.1558441558442e-03 2.5974025974026e-03 7.0181818181818e-01 
31 1.6753926701571e-03 1.3612565445026e-03 1.0471204188482e-03 7.9895287958115e-02 1.3717277486911e-02 5.3403141361257e-03 9.5287958115183e-03 2.8272251308901e-03 1.9895287958115e-03 1.6753926701571e-03 1.9895287958115e-03 3.3507853403141e-03 3.9790575916230e-02 2.8167539267016e-02 6.2827225130890e-03 1.8848167539267e-03 2.8272251308901e-03 3.3612565445026e-02 1.3612565445026e-03 2.3036649214660e-03 1.7801047120419e-03 9.3193717277487e-03 1.5706806282722e-03 1.2565445026178e-03 7.4544502617801e-01 
32 1.2486772486773e-02 1.9047619047619e-03 1.6931216931217e-03 1.7989417989418e-03 7.9365079365079e-03 3.7037037037037e-03 2.0105820105820e-03 3.4920634920635e-03 3.0687830687831e-03 2.3280423280423e-02 2.6455026455026e-03 1.9047619047619e-03 1.3375661375661e-01 1.0687830687831e-02 1.8201058201058e-02 2.4232804232804e-02 4.5502645502645e-03 4.2328042328042e-03 1.3756613756614e-03 5.7142857142857e-03 3.2804232804233e-03 3.0687830687831e-03 4.9735449735450e-03 1.5555555555556e-02 7.0444444444445e-01 
33 3.0136986301370e-03 2.7397260273973e-03 5.2054794520548e-03 4.9315068493151e-03 5.2054794520548e-03 3.5616438356164e-03 3.2876712328767e-03 4.1095890410959e-03 3.0136986301370e-03 3.8356164383562e-03 2.5205479452055e-02 3.5616438356164e-03 1.5342465753425e-02 8.4931506849315e-03 3.2876712328767e-03 2.7945205479452e-02 5.2054794520548e-03 5.2054794520548e-03 4.6575342465753e-03 2.1698630136986e-01 2.7397260273973e-03 3.5616438356164e-03 1.1780821917808e-02 1.0410958904110e-02 6.1671232876712e-01 
34 1.7600000000000e-03 2.4000000000000e-03 1.9200000000000e-03 2.2400000000000e-03 1.7600000000000e-03 2.8800000000000e-03 5.4720000000000e-02 1.9200000000000e-03 3.2000000000000e-03 3.3600000000000e-03 1.7600000000000e-03 2.8800000000000e-03 1.7600000000000e-03 2.0800000000000e-03 2.8800000000000e-03 1.2096000000000e-01 1.7600000000000e-03 2.2560000000000e-02 1.6256000000000e-01 2.8800000000000e-03 2.4000000000000e-03 3.0400000000000e-03 2.0800000000000e-03 1.7600000000000e-03 5.9248000000000e-01 
35 1.2290502793296e-02 2.5698324022346e-03 1.3296089385475e-02 1.7206703910615e-02 2.5698324022346e-03 4.8044692737430e-03 4.0223463687151e-03 2.0782122905028e-02 6.4804469273743e-03 2.7932960893855e-03 5.0279329608939e-03 7.9329608938547e-03 4.1340782122905e-03 1.3184357541899e-02 2.7932960893855e-03 3.0167597765363e-03 2.2458100558659e-02 4.4692737430168e-03 4.3575418994413e-03 2.2346368715084e-03 1.7988826815642e-02 1.5642458100559e-03 1.6759776536313e-03 1.4525139664805e-03 8.2089385474860e-01 
36 3.9572192513369e-03 1.1764705882353e-03 2.0855614973262e-02 1.7112299465241e-03 1.6042780748663e-03 8.9839572192514e-03 1.6042780748663e-03 3.5294117647059e-03 7.4331550802139e-02 4.3850267379679e-03 4.4919786096257e-03 2.0106951871658e-02 7.3796791443850e-03 2.4598930481283e-03 1.2834224598930e-03 2.6737967914438e-03 1.7112299465241e-03 2.0320855614973e-03 1.1764705882353e-03 8.3422459893048e-03 8.3422459893048e-03 8.0213903743316e-03 1.7112299465241e-03 1.9251336898396e-03 8.0620320855615e-01 
37 3.8634146341463e-02 4.6829268292683e-03 3.3170731707317e-03 1.6585365853659e-03 1.3658536585366e-03 1.3658536585366e-03 2.0487804878049e-03 5.3658536585366e-03 1.8536585365854e-03 1.3658536585366e-03 1.8536585365854e-03 4.9756097560975e-03 1.5219512195122e-02 3.4146341463415e-03 5.5609756097561e-03 2.2439024390244e-03 3.3170731707317e-03 3.2195121951219e-03 1.6585365853659e-03 1.7560975609756e-03 4.7902439024390e-02 5.7073170731707e-02 1.4634146341463e-03 6.3414634146341e-03 7.8234146341463e-01 
38 3.0927835051546e-03 4.1237113402062e-03 3.9175257731959e-03 2.4742268041237e-03 3.2989690721649e-03 1.9793814432990e-02 2.6804123711340e-03 7.0103092783505e-03 5.1546391752577e-03 2.6804123711340e-03 2.2680412371134e-03 5.7731958762887e-03 2.2680412371134e-03 2.0618556701031e-03 2.8865979381443e-03 2.0618556701031e-03 2.2680412371134e-03 4.7422680412371e-03 4.1649484536082e-02 5.9793814432990e-03 7.7319587628866e-02 5.5670103092783e-03 2.8865979381443e-03 3.5051546391753e-03 7.8453608247423e-01 
39 1.9459459459459e-03 2.4864864864865e-03 2.4864864864865e-03 3.3513513513514e-03 3.0270270270270e-03 2.5945945945946e-03 1.5135135135135e-03 1.6216216216216e-03 1.6216216216216e-03 6.1621621621622e-03 3.7837837837838e-03 4.8648648648649e-03 1.1783783783784e-02 1.9459459459459e-03 3.4594594594595e-03 1.4054054054054e-03 1.9459459459459e-03 2.9189189189189e-03 1.6000000000000e-02 2.7027027027027e-03 3.3513513513514e-03 1.8378378378378e-03 1.7297297297297e-03 1.1102702702703e-01 8.0443243243243e-01 
40 3.0038910505837e-02 1.3229571984436e-03 1.7898832684825e-03 6.6147859922179e-03 1.7898832684825e-03 1.8677042801556e-02 3.1906614785992e-03 6.8482490272374e-03 9.3385214007782e-04 2.2568093385214e-03 1.8677042801556e-03 6.8482490272374e-03 1.7898832684825e-03 1.7120622568093e-03 2.4124513618677e-03 9.2373540856031e-02 5.4319066147860e-02 4.2023346303502e-03 3.7354085603113e-03 2.8015564202335e-03 1.9455252918288e-03 1.1673151750973e-03 2.6459143968872e-03 8.2490272373541e-02 6.6622568093385e-01 
41 1.8502202643172e-03 1.4361233480176e-02 1.8414096916300e-02 3.5242290748899e-03 2.0264317180617e-03 4.4052863436123e-03 2.0264317180617e-02 6.9603524229075e-03 4.4052863436123e-03 1.6740088105727e-03 1.4096916299559e-03 5.5506607929515e-03 2.4669603524229e-03 3.9647577092511e-03 1.8502202643172e-03 1.1541850220264e-02 2.8193832599119e-03 3.6123348017621e-03 1.2334801762115e-03 1.4096916299559e-03 4.3259911894273e-02 5.5506607929515e-03 8.9867841409692e-03 1.8502202643172e-03 8.2660792951542e-01 
42 3.7288135593220e-03 5.4237288135593e-03 5.2881355932203e-02 3.7288135593220e-03 3.3898305084746e-03 4.4067796610169e-03 3.3898305084746e-03 4.0677966101695e-03 1.8542372881356e-01 3.3898305084746e-03 3.3898305084746e-03 4.4067796610169e-03 3.7288135593220e-03 3.3898305084746e-03 3.7288135593220e-03 3.3898305084746e-03 3.7288135593220e-03 3.7288135593220e-03 4.0677966101695e-03 3.3898305084746e-03 3.3898305084746e-03 3.3898305084746e-03 3.3898305084746e-03 3.3898305084746e-03 6.7966101694915e-01 
43 1.8009478672986e-03 1.0426540284360e-02 2.7488151658768e-03 3.6018957345972e-03 7.9431279620853e-02 2.7488151658768e-03 4.9289099526066e-03 1.0710900473934e-02 6.1611374407583e-03 3.7914691943128e-03 2.5592417061611e-03 3.5071090047393e-03 1.0900473933649e-02 6.7298578199052e-03 1.5450236966825e-02 2.4644549763033e-03 1.0426540284360e-02 1.1184834123223e-02 3.7251184834123e-02 2.2748815165877e-03 1.1469194312796e-02 4.0758293838863e-03 3.4123222748815e-03 3.2511848341232e-02 7.1943127962085e-01 
44 1.8899082568807e-02 2.3853211009174e-03 2.0183486238532e-03 2.3853211009174e-03 2.7522935779816e-03 3.1192660550459e-03 2.2018348623853e-03 2.3853211009174e-03 6.6055045871560e-03 2.3853211009174e-03 3.4862385321101e-03 2.2018348623853e-03 2.5688073394495e-03 1.8348623853211e-03 2.3853211009174e-03 2.5688073394495e-03 2.2018348623853e-03 2.2018348623853e-03 2.5688073394495e-03 2.3853211009174e-03 1.4385321100917e-01 2.2018348623853e-03 2.7522935779816e-03 2.0183486238532e-03 7.7963302752294e-01 
45 1.2935323383085e-03 1.2935323383085e-03 1.8905472636816e-03 2.4776119402985e-02 6.6666666666667e-02 2.1890547263682e-03 2.1890547263682e-03 2.2089552238806e-02 8.8557213930348e-03 5.6716417910448e-03 3.5820895522388e-03 4.6766169154229e-03 1.6119402985075e-02 4.5771144278607e-03 6.0597014925373e-02 3.2835820895522e-03 2.1592039800995e-02 2.0895522388060e-03 5.2736318407960e-03 3.7810945273632e-03 7.5621890547264e-03 4.3681592039801e-02 3.8805970149254e-03 2.9850746268657e-03 6.7940298507463e-01 
46 1.7564245810056e-01 1.8994413407821e-03 2.7262569832402e-02 2.7932960893855e-03 2.5698324022346e-03 4.4692737430168e-03 3.9106145251397e-03 3.5977653631285e-02 7.0391061452514e-03 3.5754189944134e-03 1.9664804469274e-02 3.7988826815643e-03 1.7877094972067e-03 2.9050279329609e-03 3.5754189944134e-03 3.3519553072626e-03 2.1229050279330e-03 3.0167597765363e-03 2.0111731843575e-03 5.5865921787710e-03 2.3463687150838e-03 1.1843575418994e-02 1.4525139664804e-03 1.8994413407821e-03 6.6949720670391e-01 
47 1.8357487922705e-03 1.6425120772947e-03 1.7391304347826e-03 7.1497584541063e-03 2.6086956521739e-03 3.8647342995169e-03 2.1256038647343e-03 5.7004830917874e-03 2.1256038647343e-03 3.8647342995169e-03 9.1014492753623e-02 1.3429951690821e-02 1.6425120772947e-03 2.9951690821256e-03 3.0917874396135e-03 4.7342995169082e-03 6.0869565217391e-03 9.4685990338164e-03 2.4154589371981e-03 3.9613526570048e-03 1.5458937198068e-03 2.5120772946860e-03 1.5458937198068e-03 1.4628019323672e-01 6.7661835748792e-01 
48 3.0379746835443e-03 3.0379746835443e-03 2.5316455696203e-03 2.7848101265823e-03 2.5316455696203e-03 5.3164556962025e-03 2.5316455696203e-03 4.0506329113924e-03 3.5443037974684e-03 1.2329113924051e-01 1.8481012658228e-02 2.5316455696203e-03 3.2911392405063e-03 1.0126582278481e-02 3.0379746835443e-03 2.5316455696203e-03 5.3164556962025e-03 3.7974683544304e-03 2.5316455696203e-03 3.2911392405063e-03 3.2911392405063e-03 2.7594936708861e-02 3.2911392405063e-03 8.3544303797468e-03 7.4987341772152e-01 
49 4.1441441441441e-03 2.3423423423423e-03 2.3423423423423e-03 3.4234234234234e-03 1.1351351351351e-02 2.5225225225225e-03 2.8828828828829e-03 2.5225225225225e-03 7.3873873873874e-03 5.2252252252252e-03 4.8648648648649e-03 2.1621621621622e-03 2.8828828828829e-03 3.0630630630631e-03 2.3423423423423e-03 3.2432432432432e-03 3.1927927927928e-01 2.7027027027027e-03 4.1441441441441e-03 2.3423423423423e-03 2.8828828828829e-03 2.3423423423423e-03 9.0090090090090e-03 3.0630630630631e-03 5.9153153153153e-01 
50 4.2201834862385e-03 1.8348623853211e-03 2.0183486238532e-03 2.5688073394495e-03 2.2018348623853e-03 2.7522935779816e-03 2.5688073394495e-03 2.9357798165138e-03 1.8348623853211e-03 5.3211009174312e-03 1.8348623853211e-03 2.2018348623853e-02 2.5688073394495e-03 1.8348623853211e-03 2.0183486238532e-03 2.0366972477064e-02 2.0183486238532e-03 1.8348623853211e-03 1.6880733944954e-02 6.2385321100917e-03 2.9357798165138e-03 2.7522935779816e-03 2.5688073394495e-03 2.7522935779816e-03 8.8311926605505e-01 
51 1.6000000000000e-03 1.9200000000000e-03 1.9200000000000e-03 4.6400000000000e-03 2.5600000000000e-03 1.6000000000000e-03 1.9200000000000e-03 1.8832000000000e-01 8.1600000000000e-03 2.4000000000000e-03 2.4000000000000e-03 3.6800000000000e-03 1.7600000000000e-03 2.8800000000000e-03 1.9200000000000e-03 2.8800000000000e-03 1.9200000000000e-03 1.7600000000000e-03 1.7600000000000e-03 1.7600000000000e-03 2.8800000000000e-03 3.8400000000000e-03 4.9600000000000e-03 1.7600000000000e-03 7.4880000000000e-01 
52 2.0725388601036e-03 4.2383419689119e-02 2.5906735751295e-03 2.3730569948187e-02 1.8652849740933e-03 2.5906735751295e-03 6.2176165803109e-03 1.8238341968912e-02 4.8704663212435e-03 1.5647668393782e-02 3.6269430051813e-03 5.8031088082902e-03 7.3575129533679e-03 3.2227979274611e-02 2.7979274611399e-03 3.7305699481865e-03 2.0725388601036e-03 3.5544041450777e-02 1.4715025906736e-02 2.5906735751295e-03 1.1398963730570e-03 2.1761658031088e-03 2.8808290155440e-02 3.8341968911917e-03 7.3336787564767e-01 
53 1.1483253588517e-03 3.0909090909091e-02 3.2535885167464e-03 4.3062200956938e-03 3.0622009569378e-03 2.2966507177033e-03 2.5837320574163e-03 6.2200956937799e-03 1.1483253588517e-02 6.3157894736842e-03 2.5837320574163e-03 9.2822966507177e-03 2.4401913875598e-02 4.7846889952153e-03 2.3923444976077e-03 2.6794258373206e-03 1.3397129186603e-03 2.3923444976077e-03 1.9138755980861e-03 1.5311004784689e-03 1.4736842105263e-02 4.7846889952153e-03 2.5837320574163e-03 1.8660287081340e-02 8.3435406698565e-01 
54 1.1236714975845e-01 2.1256038647343e-03 8.8888888888889e-03 4.1352657004831e-02 5.4106280193237e-03 6.3768115942029e-03 8.8888888888889e-03 2.9951690821256e-03 7.2463768115942e-03 2.1256038647343e-03 1.4492753623188e-03 6.0869565217391e-03 1.6425120772947e-03 1.3526570048309e-03 1.5458937198068e-03 6.2995169082126e-02 2.3188405797102e-03 3.0917874396135e-03 8.3091787439614e-03 2.8985507246377e-03 2.0289855072464e-03 2.1256038647343e-03 1.3526570048309e-03 2.8019323671498e-03 7.0222222222222e-01 
55 8.4848484848485e-03 1.1255411255411e-03 2.5974025974026e-03 1.0389610389610e-03 4.7878787878788e-02 1.8181818181818e-03 1.2121212121212e-03 1.8181818181818e-03 1.1255411255411e-03 2.0779220779221e-03 1.3852813852814e-03 1.1255411255411e-03 3.1168831168831e-03 1.3852813852814e-03 1.0389610389610e-03 2.8571428571429e-03 1.2987012987013e-03 1.7316017316017e-03 1.0476190476190e-02 2.1645021645022e-03 8.6580086580087e-04 1.0303030303030e-02 1.2121212121212e-03 8.6580086580087e-04 8.9099567099567e-01 
56 7.1232876712329e-03 4.6575342465753e-03 5.2054794520548e-03 5.4794520547945e-03 1.0684931506849e-02 3.8356164383562e-03 1.3150684931507e-02 4.6575342465754e-03 4.6575342465754e-03 5.7534246575343e-03 3.2876712328767e-03 4.1095890410959e-03 5.2054794520548e-03 1.0410958904110e-02 3.2876712328767e-03 4.1095890410959e-03 2.7397260273973e-03 7.6712328767123e-03 5.7534246575343e-03 2.7397260273973e-03 9.8630136986301e-03 2.7397260273973e-03 1.0958904109589e-02 8.2191780821918e-03 8.5369863013699e-01 
57 4.5333333333333e-03 1.1217777777778e-01 5.0666666666667e-03 2.9333333333333e-03 2.7555555555556e-03 4.1777777777778e-03 1.6000000000000e-03 3.6444444444445e-03 1.6888888888889e-02 8.0888888888889e-03 2.4888888888889e-03 2.9333333333333e-03 1.2444444444444e-03 1.5466666666667e-02 1.5111111111111e-03 2.3111111111111e-03 8.0000000000000e-03 1.6000000000000e-03 5.7777777777778e-03 2.9333333333333e-03 1.2622222222222e-02 4.8888888888889e-03 1.6000000000000e-03 1.6888888888889e-03 7.7306666666667e-01 
58 1.9323671497585e-03 1.8357487922705e-03 9.1787439613527e-03 2.9951690821256e-03 4.0289855072464e-02 1.2560386473430e-03 2.6086956521739e-03 1.2560386473430e-03 3.1884057971015e-03 2.8019323671498e-03 1.2628019323671e-01 8.0193236714976e-03 3.2173913043478e-02 5.4106280193237e-03 2.3188405797101e-02 1.5458937198068e-03 9.6618357487922e-04 1.2270531400966e-02 1.8454106280193e-02 1.6425120772947e-03 2.4734299516908e-02 3.0917874396135e-03 6.9565217391304e-03 8.2125603864734e-03 6.5971014492754e-01 
59 9.6296296296296e-03 1.1851851851852e-02 1.2592592592593e-02 9.6296296296296e-03 7.4074074074074e-03 8.8888888888889e-03 1.2592592592593e-02 7.4074074074074e-03 9.6296296296296e-03 8.8888888888889e-03 8.8888888888889e-03 7.4074074074074e-03 1.2592592592593e-02 7.4074074074074e-03 2.1481481481481e-02 9.6296296296296e-03 7.4074074074074e-03 7.4074074074074e-03 1.0592592592593e-01 1.0370370370370e-02 1.3333333333333e-02 8.1481481481482e-03 7.4074074074074e-03 9.6296296296296e-03 6.6444444444444e-01 
60 1.0476190476190e-02 9.5238095238095e-03 9.5238095238095e-03 9.5238095238095e-03 1.1428571428571e-02 9.5238095238095e-03 9.5238095238095e-03 1.0476190476190e-02 9.5238095238095e-03 1.0476190476190e-02 9.5238095238095e-03 9.5238095238095e-03 9.5238095238095e-03 9.5238095238095e-03 9.5238095238095e-03 1.0476190476190e-02 1.1428571428571e-02 9.5238095238095e-03 1.1428571428571e-02 9.5238095238095e-03 9.5238095238095e-03 9.5238095238095e-03 9.5238095238095e-03 9.5238095238095e-03 7.6190476190476e-01 
61 1.3658536585366e-03 1.6000000000000e-02 3.9024390243902e-03 2.1463414634146e-03 1.1707317073171e-03 3.8048780487805e-03 4.9756097560976e-03 4.4878048780488e-03 2.4390243902439e-03 4.2341463414634e-02 1.6585365853659e-03 8.1951219512195e-03 1.5609756097561e-03 4.2926829268293e-03 4.4780487804878e-02 1.4634146341463e-03 1.9512195121951e-03 3.1121951219512e-02 2.2439024390244e-03 1.7560975609756e-03 5.9512195121951e-03 1.1317073170732e-02 2.1463414634146e-03 2.2243902439024e-02 7.7668292682927e-01 
62 6.2569832402235e-03 2.7932960893855e-03 1.0614525139665e-02 6.5921787709497e-03 2.4581005586592e-03 1.7877094972067e-03 1.6759776536313e-03 6.8156424581006e-03 1.0949720670391e-02 2.3463687150838e-03 8.4916201117318e-03 3.2402234636872e-03 1.8994413407821e-03 3.5418994413408e-02 1.4525139664805e-03 1.7877094972067e-03 2.0111731843575e-03 3.4636871508380e-03 4.5810055865922e-03 4.3575418994413e-03 2.3128491620112e-02 4.8044692737430e-03 3.0167597765363e-03 1.8994413407821e-03 8.4815642458100e-01 
63 3.2535885167464e-03 3.8277511961723e-03 3.0622009569378e-03 4.5933014354067e-03 2.0095693779904e-03 2.4976076555024e-02 2.2009569377990e-03 2.4880382775120e-03 6.4114832535885e-03 5.0239234449761e-02 1.5311004784689e-03 9.7607655502392e-03 3.4449760765550e-03 2.7751196172249e-03 1.6267942583732e-03 3.8947368421053e-02 1.2440191387560e-01 1.5311004784689e-03 4.2105263157895e-03 2.4880382775120e-03 1.0526315789474e-03 2.3444976076555e-02 2.5837320574163e-03 1.7129186602871e-02 6.6200956937799e-01 
64 1.2444444444444e-03 6.6666666666667e-03 6.4888888888889e-03 5.8666666666667e-03 4.4444444444445e-03 3.4666666666667e-03 7.1111111111111e-03 2.5777777777778e-03 2.1333333333333e-03 7.5555555555556e-03 3.5555555555556e-02 3.1111111111111e-03 2.1333333333333e-03 1.4222222222222e-03 3.5555555555556e-03 6.6488888888889e-02 1.4222222222222e-03 1.9555555555556e-03 4.0888888888889e-03 9.9555555555556e-03 2.4888888888889e-03 2.3111111111111e-03 7.4666666666667e-03 1.7777777777778e-03 8.0871111111111e-01 
65 3.6601307189542e-03 3.3986928104575e-03 9.5424836601307e-03 4.1830065359477e-03 1.8431372549020e-02 2.4836601307190e-03 3.3986928104575e-03 6.6666666666667e-03 4.7058823529412e-03 4.4444444444444e-03 2.4836601307190e-03 5.6209150326797e-03 5.6209150326797e-03 7.4509803921569e-03 5.0980392156863e-03 9.1503267973856e-03 3.2941176470588e-02 1.3594771241830e-02 3.0065359477124e-03 8.1045751633987e-03 3.7908496732026e-03 3.5294117647059e-03 2.8758169934641e-03 3.5294117647059e-03 8.3228758169935e-01 
66 1.5384615384615e-03 1.3986013986014e-03 1.6783216783217e-03 2.5174825174825e-03 2.5174825174825e-03 1.6783216783217e-03 2.2377622377622e-03 2.6573426573427e-03 1.9580419580420e-03 1.9580419580420e-03 1.3986013986014e-03 1.8181818181818e-03 1.6783216783217e-03 1.5384615384615e-03 4.3356643356643e-02 2.2377622377622e-03 1.3986013986014e-03 1.6783216783217e-03 1.5384615384615e-03 1.0349650349650e-02 1.8181818181818e-03 1.5384615384615e-03 4.0559440559441e-03 4.7972027972028e-02 8.5748251748252e-01 
67 2.0091324200913e-03 4.2009132420091e-03 7.9452054794520e-03 2.1917808219178e-02 2.1004566210046e-03 1.6438356164384e-03 1.6438356164384e-03 2.3744292237443e-03 1.3698630136986e-03 2.5388127853881e-02 5.5707762557078e-02 1.7351598173516e-03 6.2191780821918e-02 1.0136986301370e-02 2.2557077625571e-02 3.4703196347032e-03 1.4520547945206e-02 2.8310502283105e-03 7.3972602739726e-03 5.2968036529680e-03 1.0684931506849e-02 1.4611872146119e-03 2.0091324200913e-03 3.9269406392694e-03 7.2547945205479e-01 
68 2.3157894736842e-03 2.7368421052632e-03 2.1052631578947e-03 4.6315789473684e-03 2.5263157894737e-03 2.5263157894737e-03 5.4736842105263e-03 3.3684210526316e-03 2.1052631578947e-03 2.7368421052632e-03 2.7368421052632e-03 1.8905263157895e-01 2.5263157894737e-03 3.1578947368421e-03 2.7368421052631e-03 3.3684210526316e-03 2.3157894736842e-03 2.5263157894737e-03 3.1578947368421e-03 4.1894736842105e-02 2.5263157894737e-03 2.5263157894737e-03 8.4210526315790e-03 3.1578947368421e-02 6.7094736842105e-01 
69 2.1621621621622e-03 1.8018018018018e-03 2.0666666666667e-01 1.8018018018018e-03 1.9819819819820e-03 1.8018018018018e-03 1.9819819819820e-03 1.8018018018018e-03 1.9819819819820e-03 1.9819819819820e-03 1.8018018018018e-03 1.8018018018018e-03 1.8018018018018e-03 2.8828828828829e-03 1.9819819819820e-03 1.8018018018018e-03 2.3423423423423e-03 1.9819819819820e-03 1.9819819819820e-03 2.1621621621622e-03 1.8018018018018e-03 1.4180180180180e-01 1.8018018018018e-03 1.8018018018018e-03 6.0828828828829e-01 
70 1.7679558011050e-03 1.2154696132597e-03 2.4751381215470e-02 2.0994475138122e-03 3.7569060773481e-03 4.1988950276243e-03 3.7569060773481e-03 2.3204419889503e-03 1.7679558011050e-03 3.9779005524862e-03 1.6574585635359e-03 2.3204419889503e-03 1.6574585635359e-03 6.4088397790055e-03 1.4364640883978e-03 8.2983425414365e-02 3.0939226519337e-03 7.4033149171271e-03 6.8508287292818e-03 7.5138121546961e-03 4.8618784530387e-03 1.6574585635359e-03 1.0828729281768e-02 4.8618784530387e-03 8.0685082872928e-01 
71 1.9512195121951e-03 6.5853658536585e-02 9.8146341463415e-02 2.3414634146341e-03 5.5609756097561e-03 3.0243902439024e-03 7.2195121951219e-03 8.0000000000000e-03 6.3414634146341e-03 1.4634146341463e-03 2.4390243902439e-02 5.3658536585366e-03 5.5609756097561e-03 9.5609756097561e-03 2.4390243902439e-03 1.8536585365854e-03 2.4390243902439e-03 2.2439024390244e-03 1.7560975609756e-03 1.4243902439024e-02 4.4878048780488e-03 7.6097560975610e-03 1.3658536585366e-03 1.2682926829268e-03 7.1551219512195e-01 
72 1.5859030837004e-03 1.6740088105727e-03 1.1453744493392e-03 2.6431718061674e-03 8.3700440528635e-03 3.1718061674009e-03 1.6740088105727e-03 2.9955947136564e-03 1.5859030837004e-03 2.8193832599119e-03 1.8149779735683e-02 2.0264317180617e-03 3.9647577092511e-03 3.1718061674009e-03 2.9955947136564e-03 4.1409691629956e-03 5.9911894273128e-03 1.7418502202643e-01 2.2907488986784e-03 1.2334801762115e-03 1.3215859030837e-03 1.2334801762115e-03 3.9647577092511e-03 9.6916299559471e-04 7.4669603524229e-01 
73 3.0379746835443e-03 3.0379746835443e-03 3.2911392405063e-03 3.0379746835443e-03 2.7848101265823e-03 4.8101265822785e-03 5.0632911392405e-03 3.2911392405063e-03 2.7848101265823e-03 3.0379746835443e-03 3.0379746835443e-03 1.1139240506329e-02 2.7848101265823e-03 3.7974683544304e-03 2.5316455696203e-03 2.5316455696203e-03 2.5316455696203e-03 2.5316455696203e-03 3.0379746835443e-03 2.7848101265823e-03 6.3291139240506e-03 2.5316455696203e-03 2.5316455696203e-03 2.5316455696203e-03 9.1518987341772e-01 
74 1.9607843137255e-03 1.3071895424837e-03 1.4379084967320e-03 2.0915032679739e-03 1.4379084967320e-03 1.6993464052288e-03 6.0130718954248e-02 6.1437908496732e-03 1.3071895424837e-03 1.5686274509804e-03 1.5686274509804e-03 1.4379084967320e-03 1.5686274509804e-03 1.9607843137255e-03 1.4379084967320e-03 4.5751633986928e-03 6.5359477124183e-03 1.5686274509804e-03 4.4313725490196e-02 1.8300653594771e-03 2.2222222222222e-03 1.4379084967320e-03 1.5686274509804e-03 1.4379084967320e-03 8.4745098039216e-01 
75 1.8045112781955e-03 2.7067669172932e-03 1.8045112781955e-03 1.5037593984962e-03 2.5563909774436e-03 1.6541353383459e-03 1.8045112781955e-03 1.5037593984962e-03 2.4060150375940e-03 1.8045112781955e-03 1.6541353383459e-03 1.9548872180451e-03 2.4060150375940e-03 1.9548872180451e-03 2.5563909774436e-03 1.8646616541353e-01 7.9699248120301e-03 1.5037593984962e-03 3.9097744360902e-03 5.1729323308271e-02 1.8045112781955e-03 6.1052631578947e-02 1.8045112781955e-03 1.6541353383459e-03 6.5203007518797e-01 
76 1.4569536423841e-03 1.3245033112583e-03 1.7218543046358e-03 1.3245033112583e-03 2.1192052980132e-03 2.1192052980132e-03 1.9867549668874e-03 3.5761589403974e-03 2.9139072847682e-03 1.9867549668874e-03 1.4569536423841e-03 2.4768211920530e-02 2.6490066225166e-03 1.9867549668874e-03 1.4569536423841e-03 1.3245033112583e-03 7.8145695364238e-03 1.8543046357616e-03 1.6423841059603e-02 2.5165562913907e-03 1.7880794701987e-02 1.4569536423841e-03 2.5178807947020e-01 2.1192052980132e-03 6.4397350993377e-01 
77 3.3846153846154e-03 7.3846153846154e-03 1.1076923076923e-02 6.4615384615385e-03 3.6923076923077e-03 3.6923076923077e-03 3.6923076923077e-03 4.3076923076923e-03 3.6923076923077e-03 3.3846153846154e-03 3.6923076923077e-03 1.6307692307692e-02 4.3076923076923e-03 5.2307692307692e-03 8.6153846153846e-03 5.8461538461538e-03 8.2769230769231e-02 9.2307692307692e-03 1.2307692307692e-02 3.3846153846154e-03 5.8461538461539e-03 1.7815384615385e-01 4.0000000000000e-03 4.3076923076923e-03 6.0523076923077e-01 
78 8.5167464114833e-03 1.3358851674641e-01 4.9760765550239e-03 2.0095693779904e-03 1.4354066985646e-03 3.6363636363636e-03 2.5837320574163e-03 1.6267942583732e-03 1.3397129186603e-03 3.8277511961723e-03 1.2440191387560e-03 3.4449760765550e-03 4.3062200956938e-03 2.5741626794258e-02 1.0526315789474e-02 2.7751196172249e-03 5.3588516746412e-03 3.2535885167464e-03 4.5933014354067e-03 2.2966507177034e-03 2.8133971291866e-02 1.3397129186603e-03 1.1196172248804e-02 1.4354066985646e-03 7.3081339712919e-01 
