0 3.3492822966507e-03 1.5119617224880e-02 5.8373205741627e-03 2.5837320574163e-03 5.2631578947368e-03 1.6459330143541e-02 2.2009569377990e-03 5.5980861244019e-02 1.0813397129187e-02 1.0526315789474e-02 1.8660287081340e-02 2.6794258373206e-03 1.2535885167464e-02 1.5693779904306e-02 6.4114832535885e-03 1.8181818181818e-03 2.4880382775120e-03 2.5071770334928e-02 2.2009569377990e-03 2.0095693779904e-03 1.7416267942584e-02 2.6794258373206e-03 3.1578947368421e-03 1.1454545454545e-01 6.4449760765550e-01 
1 1.1695906432749e-03 1.2865497076023e-03 1.1695906432749e-03 4.3274853801170e-03 1.2865497076023e-03 1.2865497076023e-03 1.1695906432749e-03 1.5204678362573e-03 1.4035087719298e-03 1.4035087719298e-03 1.1695906432749e-03 1.2865497076023e-03 6.6666666666667e-03 1.6374269005848e-03 2.4011695906433e-01 1.7543859649123e-03 1.2865497076023e-03 1.1695906432749e-03 1.1695906432749e-03 3.6140350877193e-02 2.3157894736842e-02 1.1695906432749e-03 1.4035087719298e-03 1.2865497076023e-03 6.6456140350877e-01 
2 3.1746031746032e-03 3.4920634920635e-03 4.1269841269841e-03 3.8095238095238e-03 3.4920634920635e-03 5.0793650793651e-03 3.1746031746032e-03 1.5809523809524e-01 3.4920634920635e-03 3.1746031746032e-03 3.4920634920635e-03 3.1746031746032e-03 3.4920634920635e-03 3.1746031746032e-03 3.8095238095238e-03 2.4444444444444e-02 3.4920634920635e-03 1.1619047619048e-01 3.1746031746032e-03 1.0793650793651e-02 3.8095238095238e-03 3.1746031746032e-03 3.4920634920635e-03 8.2539682539683e-03 6.1492063492063e-01 
3 1.6438356164384e-03 1.3698630136986e-03 1.7351598173516e-03 7.4885844748858e-03 2.8310502283105e-03 1.6438356164384e-03 9.1324200913242e-04 1.5525114155251e-03 2.0091324200913e-03 1.5525114155251e-03 4.9497716894977e-02 1.5525114155251e-03 1.0410958904110e-02 1.3515981735160e-02 2.7397260273973e-03 1.3698630136986e-03 1.2785388127854e-03 6.8493150684931e-03 3.4703196347032e-03 3.1963470319635e-03 4.2922374429224e-03 3.9452054794521e-02 1.2876712328767e-02 2.0091324200913e-03 8.2474885844749e-01 
4 1.5267175572519e-03 1.5267175572519e-03 1.8320610687023e-03 6.8702290076336e-03 1.6793893129771e-03 1.5267175572519e-03 1.6793893129771e-03 1.5267175572519e-03 3.8167938931298e-02 2.0137404580153e-01 1.5267175572519e-03 1.8320610687023e-03 1.8320610687023e-03 1.5267175572519e-03 1.6793893129771e-03 1.6793893129771e-03 1.5267175572519e-03 2.3358778625954e-02 1.5267175572519e-03 1.6793893129771e-03 2.4427480916031e-03 7.4198473282443e-02 1.6793893129771e-03 1.6793893129771e-03 6.2412213740458e-01 
5 3.2388663967611e-03 2.7530364372470e-03 1.4089068825911e-02 8.6639676113360e-03 2.1052631578947e-03 3.4817813765182e-03 1.7813765182186e-03 5.0850202429150e-02 1.8623481781377e-03 7.6923076923077e-03 5.9109311740891e-03 3.2388663967611e-03 1.2955465587045e-03 8.0161943319838e-03 1.9433198380567e-03 1.0526315789474e-03 1.9433198380567e-03 2.8340080971660e-03 7.2874493927125e-03 2.9959514170040e-03 3.9676113360324e-03 4.2914979757085e-03 9.6275303643725e-02 2.4291497975709e-03 7.6000000000000e-01 
6 1.6580310880829e-03 7.3575129533679e-03 3.2124352331606e-03 1.2746113989637e-02 3.5233160621762e-03 5.1813471502591e-03 1.6580310880829e-03 4.7564766839378e-02 7.9792746113990e-03 1.7616580310881e-03 6.9430051813471e-03 2.2797927461140e-03 5.2849740932642e-03 1.5025906735751e-02 1.8134715025907e-02 2.9015544041451e-02 1.7720207253886e-02 8.5699481865285e-02 2.0725388601036e-03 8.4974093264249e-03 2.7979274611399e-03 1.7616580310881e-03 4.3523316062176e-03 2.6943005181347e-03 7.0507772020725e-01 
7 1.9847328244275e-03 1.5267175572519e-03 1.8320610687023e-03 1.5267175572519e-03 1.5267175572519e-03 4.7328244274809e-03 6.6870229007634e-02 2.5954198473282e-03 1.5267175572519e-03 3.3587786259542e-03 1.6793893129771e-03 3.5725190839695e-02 3.9694656488550e-03 1.8320610687023e-03 2.8702290076336e-02 1.6793893129771e-03 1.6793893129771e-03 1.6793893129771e-03 1.8320610687023e-03 1.6793893129771e-03 8.0916030534351e-03 1.6793893129771e-03 1.8320610687023e-03 1.9847328244275e-03 8.1847328244275e-01 
8 1.3698630136986e-03 5.5707762557078e-03 6.3013698630137e-03 2.4657534246575e-03 4.8401826484018e-03 3.4703196347032e-03 3.4703196347032e-03 1.1872146118721e-03 1.2785388127854e-03 3.1963470319635e-03 2.3744292237443e-03 4.0182648401827e-03 2.5570776255708e-03 6.6666666666667e-03 1.0054794520548e-01 1.9543378995434e-02 4.4748858447489e-03 5.8447488584475e-03 1.5525114155251e-03 2.6484018264840e-03 2.0091324200913e-03 1.2785388127854e-03 5.4520547945206e-02 1.0045662100457e-03 7.5780821917808e-01 
9 1.0232558139535e-03 1.5813953488372e-03 1.0232558139535e-03 2.8837209302326e-03 1.0232558139535e-03 1.3953488372093e-03 1.0232558139535e-03 1.3953488372093e-03 1.3023255813953e-03 1.0232558139535e-03 9.3023255813954e-04 1.0232558139535e-03 1.3953488372093e-03 4.0000000000000e-03 2.3255813953488e-03 1.5813953488372e-03 1.1162790697674e-03 9.3023255813954e-04 9.3023255813954e-04 1.1162790697674e-03 3.2558139534884e-03 9.3023255813954e-04 7.4418604651163e-02 1.0232558139535e-03 8.9134883720930e-01 
10 7.1244635193133e-03 1.2875536480687e-03 8.5836909871245e-04 4.1201716738198e-03 7.4678111587983e-03 1.6309012875536e-03 1.6309012875536e-03 1.7167381974249e-03 1.5450643776824e-03 2.2291845493562e-01 1.7167381974249e-03 2.8326180257511e-03 1.3733905579399e-03 1.5450643776824e-03 6.0944206008584e-03 2.0600858369099e-03 1.3733905579399e-03 1.0300429184549e-03 1.8025751072961e-03 9.4420600858369e-04 5.4248927038627e-02 6.0600858369099e-02 4.8068669527897e-03 1.1158798283262e-03 6.0815450643777e-01 
11 2.0095693779904e-03 3.0622009569378e-03 1.1483253588517e-03 1.7224880382775e-02 1.7224880382775e-03 1.8181818181818e-03 1.8181818181818e-03 1.6267942583732e-03 2.6794258373206e-03 3.5406698564593e-03 4.0191387559809e-03 2.2966507177034e-03 1.4354066985646e-03 4.0095693779904e-02 2.7751196172249e-03 1.9138755980861e-03 1.1483253588517e-03 3.0622009569378e-03 1.3779904306220e-02 1.6267942583732e-03 1.3110047846890e-02 1.2631578947368e-02 8.5550239234450e-02 1.2440191387560e-03 7.7866028708134e-01 
12 1.4641148325359e-02 1.9138755980861e-03 3.2535885167464e-03 1.4545454545455e-02 5.2631578947368e-02 9.3779904306220e-03 2.0095693779904e-03 1.6267942583732e-03 2.0095693779904e-03 1.0047846889952e-02 2.5071770334928e-02 8.8038277511962e-03 1.8181818181818e-03 2.2966507177034e-03 3.6363636363636e-03 1.8181818181818e-03 1.5311004784689e-03 2.3923444976077e-03 8.2296650717703e-03 1.9138755980861e-03 6.4114832535885e-03 1.3397129186603e-03 3.5406698564593e-03 2.5837320574163e-03 8.1655502392344e-01 
13 1.8018018018018e-03 1.8018018018018e-03 1.9819819819820e-03 1.8018018018018e-03 2.1621621621622e-03 2.0540540540541e-02 2.1621621621622e-03 3.6036036036036e-03 2.5225225225225e-03 1.8018018018018e-03 7.5675675675676e-03 7.5675675675676e-03 2.7027027027027e-03 1.9819819819820e-03 2.1621621621622e-03 2.3423423423423e-03 4.1801801801802e-02 1.9819819819820e-03 9.9099099099099e-03 1.8018018018018e-03 2.2126126126126e-01 1.8018018018018e-03 2.5225225225225e-03 1.9819819819820e-03 6.5243243243243e-01 
14 1.7040358744395e-03 2.0627802690583e-03 1.7040358744395e-03 1.6233183856502e-02 3.8565022421525e-03 2.5112107623318e-03 2.8699551569507e-03 1.4349775784753e-03 2.3318385650224e-03 2.1524663677130e-03 1.4349775784753e-03 2.3318385650224e-03 2.2421524663677e-03 3.7578475336323e-02 1.6143497757848e-03 1.0762331838565e-03 2.8699551569507e-03 1.2556053811659e-02 2.9596412556054e-03 4.8430493273543e-02 1.0762331838565e-03 2.6905829596413e-03 5.7847533632287e-02 2.6905829596413e-03 7.8573991031390e-01 
15 2.2222222222222e-03 2.0202020202020e-03 2.2222222222222e-03 2.0202020202020e-03 2.0202020202020e-03 2.0202020202020e-03 5.9191919191919e-02 2.0202020202020e-03 2.0202020202020e-03 2.0202020202020e-03 2.0202020202020e-03 2.0202020202020e-03 2.0202020202020e-03 2.2222222222222e-03 5.5656565656566e-01 2.0202020202020e-03 2.4242424242424e-03 2.0202020202020e-03 2.4242424242424e-03 1.3333333333333e-02 2.0202020202020e-03 2.0202020202020e-03 2.4242424242424e-03 2.0202020202020e-03 3.2666666666667e-01 
16 1.4659685863874e-03 1.0471204188482e-03 1.6753926701571e-03 1.2565445026178e-03 1.7801047120419e-03 1.6753926701571e-03 1.3612565445026e-03 1.1518324607330e-03 3.7696335078534e-03 1.1518324607330e-03 1.1518324607330e-03 1.4659685863874e-03 1.4659685863874e-03 1.1518324607330e-03 1.3612565445026e-03 1.0471204188482e-03 1.9057591623037e-02 5.4450261780105e-03 1.7591623036649e-02 1.0471204188482e-03 1.9371727748691e-02 2.5340314136126e-02 1.2565445026178e-03 1.0471204188482e-03 8.8586387434555e-01 
17 6.4516129032258e-03 2.1505376344086e-03 2.3655913978495e-03 2.5806451612903e-03 2.1505376344086e-03 2.1505376344086e-03 7.7419354838710e-03 6.1505376344086e-02 4.0860215053763e-03 9.8279569892473e-02 2.1505376344086e-03 3.8709677419355e-03 4.7311827956989e-03 3.6559139784946e-03 2.1505376344086e-03 2.3010752688172e-02 2.1505376344086e-03 2.5806451612903e-03 2.1505376344086e-03 2.4516129032258e-02 7.5268817204301e-03 1.1655913978495e-01 2.1505376344086e-03 2.3655913978495e-03 6.1096774193548e-01 
18 1.5859030837004e-03 2.8193832599119e-03 2.9955947136564e-03 2.9955947136564e-03 3.6123348017621e-03 3.1718061674009e-03 2.5550660792952e-03 2.8193832599119e-03 5.1982378854626e-03 6.5198237885463e-03 6.1674008810573e-03 4.6696035242291e-03 2.5550660792952e-03 2.2026431718062e-03 3.1718061674009e-03 2.0264317180617e-03 5.9030837004405e-03 2.2026431718062e-03 2.9074889867841e-03 7.4889867841410e-03 4.4933920704846e-03 1.4977973568282e-03 8.4229074889868e-02 7.1365638766520e-03 8.2907488986784e-01 
19 1.3173652694611e-03 1.5568862275449e-03 1.3173652694611e-03 1.6766467065868e-03 1.3173652694611e-03 5.0778443113772e-02 1.1976047904192e-03 3.1137724550898e-03 4.1916167664671e-02 1.0251497005988e-01 2.0359281437126e-03 1.1976047904192e-03 1.4371257485030e-03 3.1137724550898e-02 1.5568862275449e-03 7.9041916167665e-03 1.7964071856287e-03 1.7808383233533e-01 1.3173652694611e-03 1.5568862275449e-03 2.3353293413174e-02 2.7544910179641e-03 4.7904191616766e-03 3.4970059880239e-02 4.9940119760479e-01 
20 8.5024154589372e-03 4.2512077294686e-03 4.2512077294686e-03 4.4444444444445e-03 1.1594202898551e-03 1.2927536231884e-01 1.8357487922705e-03 8.6956521739131e-03 5.8937198067633e-03 1.1400966183575e-02 1.6811594202899e-02 1.2367149758454e-02 2.1256038647343e-03 8.8888888888889e-03 2.3188405797101e-03 7.4396135265701e-03 3.4782608695652e-03 3.8647342995169e-03 4.2512077294686e-03 2.4927536231884e-02 7.9227053140097e-03 8.8888888888889e-03 2.9951690821256e-03 9.4106280193237e-02 6.1990338164251e-01 
21 5.2991452991453e-03 1.7094017094017e-03 3.4188034188034e-03 1.8803418803419e-03 2.5641025641026e-03 1.5350427350427e-01 1.8803418803419e-03 3.2478632478633e-03 1.7094017094017e-03 4.3760683760684e-02 2.3931623931624e-03 6.8376068376068e-03 3.7606837606838e-03 3.2991452991453e-02 2.0512820512820e-03 4.3931623931624e-02 2.3931623931624e-03 1.0991452991453e-01 1.8803418803419e-03 5.4700854700855e-03 1.8803418803419e-03 1.1623931623932e-02 3.7606837606838e-03 2.0170940170940e-02 5.3196581196581e-01 
22 4.0506329113924e-03 2.5316455696203e-03 2.7848101265823e-03 2.5316455696203e-03 3.0379746835443e-03 2.5316455696203e-03 2.5316455696203e-03 2.7848101265823e-03 2.5316455696203e-03 3.0379746835443e-03 1.3696202531646e-01 2.5316455696203e-03 2.5316455696203e-03 2.5316455696203e-03 2.5316455696203e-03 2.5316455696203e-03 3.2911392405063e-03 2.5316455696203e-03 2.5316455696203e-03 2.5316455696203e-03 2.5316455696203e-03 2.5316455696203e-03 2.7848101265823e-03 1.4202531645570e-01 6.6126582278481e-01 
23 1.7142857142857e-03 1.1428571428571e-03 1.3714285714286e-03 1.2571428571429e-03 1.2571428571429e-03 1.3714285714286e-03 1.3714285714286e-03 1.3714285714286e-03 1.3714285714286e-03 1.1428571428571e-03 2.8571428571429e-03 1.3714285714286e-03 1.3714285714286e-03 1.4857142857143e-03 1.7142857142857e-02 1.2571428571429e-03 9.7485714285714e-02 1.1428571428571e-03 5.8285714285714e-03 7.0514285714286e-02 2.1074285714286e-01 1.7142857142857e-03 6.8342857142857e-02 1.4857142857143e-03 5.0388571428571e-01 
24 6.0888888888889e-02 2.9511111111111e-02 7.5555555555556e-03 2.4888888888889e-03 1.8044444444444e-02 2.4000000000000e-03 2.3111111111111e-03 4.2666666666667e-03 1.6800000000000e-02 2.6577777777778e-02 1.7777777777778e-03 2.2222222222222e-03 2.3111111111111e-03 2.9333333333333e-03 1.5111111111111e-03 1.1555555555556e-03 1.9555555555556e-03 2.1866666666667e-02 1.4222222222222e-03 1.4222222222222e-03 1.7866666666667e-02 4.2844444444444e-02 3.4666666666667e-03 9.7777777777778e-04 7.2542222222222e-01 
25 3.0136986301370e-03 2.7397260273973e-03 2.7397260273973e-03 3.5616438356164e-03 5.2054794520548e-02 2.7397260273973e-03 2.7397260273973e-03 2.7397260273973e-03 3.0136986301370e-03 2.7397260273973e-03 3.5616438356164e-02 7.3972602739726e-03 3.0136986301370e-03 3.2876712328767e-03 2.7397260273973e-03 3.0136986301370e-03 2.7397260273973e-03 2.7397260273973e-03 3.2876712328767e-03 2.6136986301370e-01 3.0136986301370e-03 2.7397260273973e-03 2.7397260273973e-03 2.2465753424658e-02 5.6575342465753e-01 
26 1.3023255813953e-03 1.3023255813953e-03 1.7674418604651e-03 2.2325581395349e-03 1.7674418604651e-03 6.2325581395349e-03 2.4186046511628e-03 2.5116279069767e-03 9.3953488372093e-03 2.8837209302326e-03 2.8837209302326e-03 2.3255813953488e-03 7.1720930232558e-02 7.6279069767442e-03 6.6976744186046e-03 1.3190697674419e-01 1.4883720930233e-03 2.9488372093023e-02 2.3255813953488e-03 2.7255813953488e-02 2.4186046511628e-03 4.3720930232558e-03 1.5813953488372e-03 5.7674418604651e-03 6.7032558139535e-01 
27 2.8985507246377e-03 3.1884057971015e-03 3.4782608695652e-03 2.8985507246377e-03 3.1884057971015e-03 3.7681159420290e-03 2.8985507246377e-03 5.2173913043478e-03 2.8985507246377e-03 3.1884057971015e-03 2.8985507246377e-03 2.8985507246377e-03 2.8985507246377e-03 3.1884057971015e-03 2.7768115942029e-01 2.8985507246377e-03 2.8985507246377e-03 3.1884057971015e-03 3.1884057971015e-03 3.1884057971015e-03 7.4202898550725e-02 2.8985507246377e-03 2.8985507246377e-03 3.1884057971015e-03 5.7826086956522e-01 
28 1.7699115044248e-03 2.1238938053097e-03 2.1238938053097e-03 6.7256637168142e-03 2.4778761061947e-03 5.8407079646018e-03 9.7876106194690e-02 1.9469026548673e-03 2.1238938053097e-03 2.8318584070797e-03 3.1858407079646e-03 3.5398230088496e-03 2.1238938053097e-03 3.0088495575221e-03 1.1362831858407e-01 1.8761061946903e-02 2.4778761061947e-03 2.3008849557522e-03 2.3185840707965e-02 1.9469026548673e-03 2.1238938053097e-03 1.7699115044248e-03 2.1238938053097e-03 1.9469026548673e-03 6.9203539823009e-01 
29 1.6260162601626e-03 1.9512195121951e-03 1.7886178861789e-03 3.7398373983740e-03 2.6016260162602e-03 1.9512195121951e-03 1.6260162601626e-03 2.2764227642276e-03 1.9512195121951e-03 7.1544715447155e-03 1.7886178861789e-03 2.1138211382114e-03 5.8699186991870e-02 2.2276422764228e-02 3.0894308943089e-03 4.5853658536585e-02 3.3983739837398e-02 1.9512195121951e-03 1.6260162601626e-03 3.5772357723577e-03 1.7886178861789e-03 2.4390243902439e-03 5.6910569105691e-03 1.4959349593496e-02 7.7349593495935e-01 
30 3.6363636363636e-03 2.8571428571429e-03 3.6363636363636e-03 2.0000000000000e-02 3.6363636363636e-03 2.8571428571429e-03 3.8961038961039e-03 2.5974025974026e-03 2.8571428571429e-03 2.8571428571429e-03 2.5974025974026e-03 2.5974025974026e-03 2.5974025974026e-03 7.2727272727273e-03 8.5454545454545e-02 7.1948051948052e-02 2.5974025974026e-03 2.8571428571429e-03 2.5974025974026e-03 2.8571428571429e-03 4.0000000000000e-02 3.3766233766234e-03 3.1168831168831e-03 2.8571428571429e-03 7.1844155844156e-01 
31 1.1560209424084e-01 1.8848167539267e-03 1.4869109947644e-02 1.7801047120419e-03 1.2565445026178e-03 2.0942408376963e-03 6.9109947643979e-03 4.8586387434555e-02 5.7591623036649e-03 1.1204188481675e-02 4.0837696335079e-03 3.2460732984293e-03 3.8743455497382e-03 1.0471204188482e-02 4.0837696335079e-03 1.7801047120419e-03 1.3612565445026e-03 4.1151832460733e-02 1.3612565445026e-03 1.3612565445026e-03 3.4554973821990e-03 5.2356020942408e-03 8.7958115183246e-03 1.0471204188482e-03 6.9874345549738e-01 
32 9.9365079365079e-02 2.4338624338624e-03 4.4550264550265e-02 5.2910052910053e-03 6.1375661375661e-03 1.8518518518519e-02 1.9047619047619e-03 1.5026455026455e-02 4.2962962962963e-02 3.7037037037037e-03 5.5026455026455e-03 2.3280423280423e-03 2.9629629629630e-03 1.7989417989418e-03 3.1746031746032e-03 1.7566137566138e-02 1.6931216931217e-03 2.7513227513227e-03 1.2698412698413e-03 1.9576719576720e-02 5.6084656084656e-03 1.2592592592593e-02 1.6931216931217e-03 3.0687830687831e-03 6.7851851851852e-01 
33 5.2054794520548e-03 3.2876712328767e-03 3.5616438356164e-03 4.1095890410959e-03 1.9178082191781e-02 3.5616438356164e-03 3.2876712328767e-03 3.0136986301370e-03 3.2876712328767e-03 2.7397260273973e-03 6.3013698630137e-03 3.0136986301370e-03 2.3287671232877e-02 2.7397260273973e-03 3.0136986301370e-03 3.8356164383562e-03 2.0602739726027e-01 1.0410958904110e-01 3.0136986301370e-03 1.6684931506849e-01 3.5616438356164e-03 1.7260273972603e-02 2.7397260273973e-03 1.0136986301370e-02 3.9287671232877e-01 
34 1.7600000000000e-03 1.7600000000000e-03 2.0800000000000e-03 1.7600000000000e-03 4.0000000000000e-03 1.9200000000000e-03 1.7600000000000e-03 1.7600000000000e-03 6.9600000000000e-02 6.7200000000000e-03 1.6000000000000e-03 2.0800000000000e-03 3.0400000000000e-03 2.8800000000000e-03 1.6000000000000e-03 1.7600000000000e-03 1.7600000000000e-03 1.6000000000000e-03 1.6000000000000e-03 1.8048000000000e-01 1.6000000000000e-03 1.4112000000000e-01 6.9600000000000e-02 1.7600000000000e-03 4.9440000000000e-01 
35 2.7932960893855e-03 3.4636871508380e-03 4.8044692737430e-03 1.0614525139665e-02 1.2849162011173e-02 4.5810055865922e-03 4.6927374301676e-03 8.2681564245810e-03 4.0223463687151e-03 2.0111731843575e-03 1.0279329608939e-02 6.3687150837989e-03 6.0335195530726e-03 5.4748603351955e-03 4.3575418994413e-03 1.3407821229050e-03 4.3575418994413e-03 1.5418994413408e-02 1.8659217877095e-02 1.3407821229050e-03 9.4972067039106e-03 5.5865921787710e-03 1.8994413407821e-03 2.4581005586592e-03 8.4882681564246e-01 
36 2.1390374331551e-03 2.7807486631016e-02 2.4598930481283e-03 1.3903743315508e-03 2.8877005347594e-03 4.2780748663102e-03 1.9251336898396e-03 2.0320855614973e-03 1.7112299465241e-03 1.7112299465241e-03 2.1390374331551e-03 2.3529411764706e-03 1.2834224598930e-03 4.1711229946524e-03 1.7112299465241e-03 1.3903743315508e-03 1.2834224598930e-03 1.7112299465241e-03 2.1818181818182e-02 1.4973262032086e-03 1.9251336898396e-03 6.7379679144385e-03 1.5614973262032e-02 9.0909090909091e-03 8.7893048128342e-01 
37 8.1951219512195e-03 3.1219512195122e-03 5.1707317073171e-03 8.4878048780488e-03 3.2195121951219e-03 2.1463414634146e-03 1.2682926829268e-03 3.5121951219512e-03 1.2682926829268e-03 2.8292682926829e-03 4.0975609756098e-03 3.5121951219512e-03 2.0487804878049e-03 6.1463414634146e-03 2.0390243902439e-02 3.8048780487805e-03 3.5121951219512e-03 1.5609756097561e-03 3.9121951219512e-02 2.6341463414634e-03 1.5512195121951e-02 1.8536585365854e-03 1.5609756097561e-03 1.3756097560976e-02 8.4126829268293e-01 
38 2.2680412371134e-03 1.8556701030928e-02 2.0618556701031e-03 4.2061855670103e-02 2.0618556701031e-03 2.2680412371134e-03 3.5051546391753e-03 2.4742268041237e-03 2.8865979381443e-03 6.3917525773196e-03 2.0618556701031e-03 1.8969072164948e-02 2.2680412371134e-03 3.9175257731959e-03 2.2680412371134e-03 2.0618556701031e-02 3.2989690721649e-03 2.2680412371134e-03 2.6804123711340e-03 2.8865979381443e-03 2.4742268041237e-03 4.3298969072165e-03 4.7628865979381e-02 4.3298969072165e-03 7.9546391752577e-01 
39 4.8540540540540e-02 1.7297297297297e-03 2.0540540540541e-03 3.4594594594595e-03 4.0000000000000e-03 4.0000000000000e-03 2.0540540540541e-03 1.5135135135135e-03 2.7027027027027e-03 6.2702702702703e-03 2.1621621621622e-03 1.1459459459459e-02 2.1621621621622e-03 1.5135135135135e-03 2.2702702702703e-03 7.3621621621622e-02 7.2432432432432e-03 1.7297297297297e-03 5.6216216216216e-03 2.8108108108108e-03 1.8378378378378e-03 1.6216216216216e-03 1.4054054054054e-03 2.3243243243243e-02 7.8497297297297e-01 
40 9.3385214007782e-04 1.0894941634241e-03 1.4785992217899e-03 1.3229571984436e-03 9.3385214007782e-04 3.8054474708171e-02 3.1906614785992e-03 1.1673151750973e-03 8.5603112840467e-03 1.2451361867704e-03 1.0116731517510e-03 1.2140077821012e-02 1.4007782101167e-03 2.5680933852140e-03 1.5564202334630e-03 1.2684824902724e-02 1.7120622568093e-03 1.3229571984436e-03 1.0116731517510e-03 3.2996108949416e-02 1.7120622568093e-03 8.4046692607004e-03 3.2996108949416e-02 1.4210116731518e-01 6.8840466926070e-01 
41 1.1453744493392e-03 7.1365638766520e-03 9.4273127753304e-03 2.5550660792952e-03 1.3215859030837e-03 2.5550660792952e-03 1.2334801762115e-03 3.6123348017621e-03 9.1629955947137e-03 1.4096916299559e-03 5.9911894273128e-03 2.8193832599119e-03 1.0572687224670e-03 2.2907488986784e-03 3.4361233480176e-03 2.1145374449339e-03 5.3744493392070e-02 8.8105726872246e-04 2.6696035242291e-02 1.2863436123348e-02 1.4977973568282e-03 2.2026431718062e-03 5.7268722466960e-03 1.1453744493392e-03 8.3797356828194e-01 
42 3.7288135593220e-03 3.7288135593220e-03 3.1525423728814e-02 3.7288135593220e-03 3.3898305084746e-03 3.3898305084746e-03 3.3898305084746e-03 3.7288135593220e-03 3.7288135593220e-03 3.3898305084746e-03 3.3898305084746e-03 3.7288135593220e-03 3.7288135593220e-03 3.3898305084746e-03 3.3898305084746e-03 1.7728813559322e-01 3.3898305084746e-03 3.3898305084746e-03 3.3898305084746e-03 3.3898305084746e-03 4.4067796610169e-03 3.7288135593220e-03 3.3898305084746e-03 3.3898305084746e-03 7.1288135593220e-01 
43 5.9715639810427e-03 2.4644549763033e-03 2.5687203791469e-02 1.7061611374408e-03 1.8009478672986e-03 9.3364928909953e-02 2.6540284360190e-03 6.2559241706161e-03 5.4976303317536e-03 5.8767772511848e-03 5.4976303317536e-03 1.1374407582938e-03 1.9241706161137e-02 2.7488151658768e-03 8.7203791469194e-03 2.0853080568720e-02 1.8009478672986e-03 1.6113744075829e-02 2.6540284360190e-03 1.8009478672986e-03 1.8957345971564e-03 1.7061611374408e-03 4.6445497630332e-03 1.6872037914692e-02 7.4303317535545e-01 
44 4.7706422018349e-03 5.5045871559633e-03 7.3394495412844e-03 1.9266055045872e-02 2.0183486238532e-03 2.2018348623853e-03 6.2385321100917e-03 2.5688073394495e-03 3.3027522935780e-03 2.2018348623853e-03 1.8348623853211e-03 2.7522935779816e-03 2.2018348623853e-03 3.3027522935780e-03 3.3027522935780e-03 4.5871559633027e-03 2.3853211009174e-03 2.0183486238532e-03 5.5045871559633e-03 4.0366972477064e-03 5.3577981651376e-02 2.0183486238532e-03 2.5688073394495e-03 2.0183486238532e-03 8.5247706422018e-01 
45 7.5621890547264e-03 2.2885572139303e-03 2.8855721393035e-03 5.6716417910448e-03 3.7910447761194e-02 3.9800995024876e-03 2.4875621890547e-03 2.5174129353234e-02 2.4875621890547e-03 7.7213930348259e-02 4.1791044776119e-03 2.2885572139304e-03 9.9502487562189e-04 4.1791044776119e-03 3.4825870646766e-03 2.3980099502488e-02 2.0895522388060e-03 2.2885572139304e-03 1.7910447761194e-03 1.9800995024876e-02 3.5820895522388e-03 2.0398009950249e-02 1.7910447761194e-03 2.9850746268657e-03 7.3850746268657e-01 
46 2.0111731843575e-03 2.4581005586592e-03 1.4413407821229e-02 4.0223463687151e-03 2.3463687150838e-03 8.9385474860335e-03 2.1229050279330e-03 2.4581005586592e-03 3.2402234636872e-03 1.7877094972067e-03 1.5418994413408e-02 9.8324022346369e-03 7.5977653631285e-03 3.1284916201117e-03 6.2569832402235e-03 1.3407821229050e-03 1.3407821229050e-03 2.9050279329609e-03 3.1284916201117e-03 2.3463687150838e-03 7.9329608938548e-03 3.2402234636872e-03 1.2983240223464e-01 1.8994413407821e-03 7.6000000000000e-01 
47 1.1594202898551e-03 2.9951690821256e-03 4.0289855072464e-02 3.0917874396135e-03 4.1545893719807e-03 7.2463768115942e-03 1.2560386473430e-03 7.7294685990338e-03 4.5410628019324e-03 5.7777777777778e-02 2.6086956521739e-03 7.7294685990338e-03 4.2512077294686e-03 1.2560386473430e-03 6.7632850241546e-03 1.2434782608696e-01 2.7053140096618e-03 2.4154589371981e-03 5.0241545893720e-03 2.6086956521739e-03 1.6425120772947e-03 1.8357487922705e-03 5.0241545893720e-03 4.8309178743961e-03 6.9671497584541e-01 
48 5.3164556962025e-03 2.5316455696203e-03 3.2911392405063e-03 2.5316455696203e-03 9.8734177215190e-03 7.3417721518987e-03 4.5569620253165e-03 2.5316455696203e-03 3.0379746835443e-03 4.0506329113924e-03 9.8734177215190e-03 3.0379746835443e-03 2.0253164556962e-02 6.0759493670886e-03 5.9746835443038e-02 2.7848101265823e-03 9.0886075949367e-02 2.5316455696203e-03 4.0506329113924e-03 3.2911392405063e-03 1.2987341772152e-01 3.5443037974684e-03 3.0379746835443e-03 2.5316455696203e-03 6.1341772151899e-01 
49 1.4090090090090e-01 2.8828828828829e-03 1.9819819819820e-03 4.3243243243243e-03 1.8018018018018e-03 1.8018018018018e-03 2.1621621621622e-03 1.8018018018018e-03 2.5225225225225e-03 1.9819819819820e-03 2.3387387387387e-01 2.7027027027027e-03 1.8018018018018e-03 2.7027027027027e-03 2.1621621621622e-03 1.9819819819820e-03 2.8828828828829e-03 4.6846846846847e-03 1.2972972972973e-02 1.8018018018018e-03 5.0450450450450e-03 1.9819819819820e-03 2.5225225225225e-03 2.8288288288288e-02 5.3243243243243e-01 
50 2.5688073394495e-03 1.8348623853211e-03 2.3853211009174e-03 2.0183486238532e-03 1.8899082568807e-02 2.7522935779816e-03 1.8348623853211e-03 1.8348623853211e-03 2.0183486238532e-03 2.0183486238532e-03 2.0183486238532e-03 3.8532110091743e-03 2.2018348623853e-03 7.3394495412844e-03 3.8532110091743e-03 1.8348623853211e-03 2.2018348623853e-03 2.0183486238532e-03 2.0183486238532e-03 1.8899082568807e-02 1.8348623853211e-03 2.0550458715596e-02 1.4495412844037e-02 4.7706422018349e-03 8.7394495412844e-01 
51 3.5200000000000e-03 3.2000000000000e-03 7.0400000000000e-03 1.9200000000000e-03 3.1840000000000e-02 1.6000000000000e-03 8.0000000000000e-02 1.7600000000000e-03 2.5600000000000e-03 1.6000000000000e-03 1.6000000000000e-03 1.9200000000000e-03 2.2400000000000e-03 3.0560000000000e-02 3.2000000000000e-03 4.3200000000000e-03 1.6000000000000e-03 2.4000000000000e-03 2.4000000000000e-03 1.3440000000000e-02 2.6720000000000e-02 2.2400000000000e-03 4.1600000000000e-03 1.6000000000000e-03 7.6656000000000e-01 
52 2.6943005181347e-03 3.7305699481865e-03 2.0725388601036e-03 1.4507772020725e-03 2.6943005181347e-03 1.8652849740933e-03 1.2435233160622e-03 3.4196891191710e-03 1.2020725388601e-02 2.1761658031088e-03 9.0259067357513e-02 2.7979274611399e-03 6.5284974093264e-03 2.3834196891192e-03 1.9689119170984e-03 3.3160621761658e-03 4.1450777202073e-02 5.5958549222798e-03 1.1398963730570e-03 3.1088082901554e-03 2.0725388601036e-03 4.0518134715026e-02 1.6580310880829e-03 2.4870466321243e-03 7.6134715025907e-01 
53 2.7942583732057e-02 1.5311004784689e-03 2.8708133971292e-03 2.2009569377990e-03 1.2440191387560e-03 1.7224880382775e-03 1.6267942583732e-03 1.4354066985646e-03 3.5406698564593e-03 2.5837320574163e-03 2.6794258373206e-03 2.7751196172249e-03 2.5837320574163e-03 1.9138755980861e-03 2.1052631578947e-03 3.4449760765550e-03 1.4832535885167e-02 1.2440191387560e-03 7.6555023923445e-02 6.2200956937799e-03 8.8038277511962e-03 3.1961722488038e-02 9.5693779904306e-04 1.6267942583732e-03 7.9559808612440e-01 
54 1.4492753623188e-03 3.7681159420290e-03 2.1256038647343e-03 4.1545893719807e-03 1.3526570048309e-03 4.4444444444445e-03 1.3526570048309e-03 1.5458937198068e-03 2.8019323671498e-03 1.3526570048309e-03 1.5458937198068e-03 9.1787439613527e-03 3.0917874396135e-03 3.8647342995169e-03 3.0917874396135e-03 4.5410628019324e-03 3.1884057971015e-03 3.2850241545894e-03 1.8357487922705e-03 3.6714975845411e-02 2.6086956521739e-03 4.5507246376812e-02 6.8695652173913e-02 4.0096618357488e-02 7.4840579710145e-01 
55 5.1948051948052e-03 1.6450216450216e-03 1.2121212121212e-03 1.6450216450216e-03 1.0389610389610e-03 1.1255411255411e-03 1.2121212121212e-03 1.2121212121212e-03 1.2987012987013e-03 2.2770562770563e-02 1.1255411255411e-03 9.5238095238095e-04 9.5238095238095e-04 1.5584415584416e-03 8.6580086580087e-04 9.5238095238095e-04 8.6580086580087e-04 1.0389610389610e-03 3.9913419913420e-02 8.6580086580087e-04 1.4718614718615e-03 1.6450216450216e-03 2.6839826839827e-03 5.4545454545454e-03 9.0129870129870e-01 
56 3.2876712328767e-03 3.0136986301370e-03 3.5616438356164e-03 5.7534246575343e-03 3.2876712328767e-03 4.6575342465753e-03 1.3972602739726e-02 2.7397260273973e-03 1.6986301369863e-02 4.6575342465754e-03 3.2876712328767e-03 6.5205479452055e-02 3.2876712328767e-03 4.3835616438356e-03 3.2876712328767e-03 2.7397260273973e-03 2.7397260273973e-03 2.7397260273973e-03 2.7397260273973e-03 4.1095890410959e-03 3.0136986301370e-03 3.5616438356164e-03 3.0136986301370e-03 3.2876712328767e-03 8.3068493150685e-01 
57 1.6888888888889e-03 1.5911111111111e-02 1.6000000000000e-03 3.5555555555556e-03 2.8444444444445e-03 2.0444444444444e-03 1.3333333333333e-03 8.3555555555555e-03 9.7777777777778e-04 1.5111111111111e-03 4.8888888888889e-03 2.9777777777778e-02 1.4222222222222e-03 5.6888888888889e-03 5.8666666666667e-03 2.0533333333333e-02 1.0017777777778e-01 2.1333333333333e-03 3.2888888888889e-03 1.4222222222222e-03 1.3333333333333e-03 1.8666666666667e-03 1.2444444444444e-03 1.6000000000000e-03 7.7893333333333e-01 
58 1.2077294685990e-02 1.8357487922705e-03 2.2222222222222e-03 8.3091787439614e-03 6.8599033816425e-03 1.5458937198068e-03 3.4782608695652e-03 1.7198067632850e-02 1.4492753623188e-03 1.6714975845411e-02 1.1594202898551e-03 2.2222222222222e-03 2.0289855072464e-03 2.2222222222222e-03 9.5942028985507e-02 8.8888888888889e-03 2.5120772946860e-03 5.2560386473430e-02 1.6908212560386e-02 1.2560386473430e-03 2.2512077294686e-02 2.8019323671498e-03 1.7391304347826e-03 2.1256038647343e-03 7.1342995169082e-01 
59 8.1481481481482e-03 7.4074074074074e-03 7.4074074074074e-03 7.4074074074074e-03 7.4074074074074e-03 7.4074074074074e-03 7.4074074074074e-03 7.4074074074074e-03 7.4074074074074e-03 1.5629629629630e-01 7.4074074074074e-03 8.1481481481482e-03 7.6296296296296e-02 8.8888888888889e-03 7.4074074074074e-03 8.1481481481482e-03 1.1851851851852e-02 1.2592592592593e-02 8.1481481481482e-03 7.4074074074074e-03 7.4074074074074e-03 7.4074074074074e-03 7.4074074074074e-03 1.1111111111111e-02 5.8666666666667e-01 
60 9.5238095238095e-03 9.5238095238095e-03 1.0476190476190e-02 9.5238095238095e-03 9.5238095238095e-03 1.1428571428571e-02 9.5238095238095e-03 9.5238095238095e-03 9.5238095238095e-03 9.5238095238095e-03 9.5238095238095e-03 9.5238095238095e-03 9.5238095238095e-03 9.5238095238095e-03 9.5238095238095e-03 9.5238095238095e-03 2.0000000000000e-02 9.5238095238095e-03 9.5238095238095e-03 9.5238095238095e-03 9.4285714285714e-02 1.1428571428571e-02 1.0476190476190e-02 1.0476190476190e-02 6.6952380952381e-01 
61 1.2682926829268e-03 1.2682926829268e-03 2.0487804878049e-03 2.1463414634146e-03 1.1317073170732e-02 1.7560975609756e-03 1.8536585365854e-03 1.5609756097561e-03 3.6097560975610e-02 1.8536585365854e-03 1.4634146341463e-03 2.6926829268293e-02 1.6975609756098e-02 1.9512195121951e-03 1.8536585365854e-03 3.1219512195122e-03 4.5853658536585e-03 5.1707317073171e-03 1.1121951219512e-02 3.0243902439024e-03 1.3658536585366e-03 5.7560975609756e-03 1.9512195121951e-03 1.4634146341463e-03 8.5209756097561e-01 
62 1.3407821229050e-03 2.3463687150838e-03 1.2290502793296e-03 2.1340782122905e-02 4.3575418994413e-03 3.6871508379888e-03 1.2290502793296e-03 1.7877094972067e-03 1.8994413407821e-03 2.1229050279330e-03 1.2290502793296e-03 3.1284916201117e-03 3.5530726256983e-02 1.1173184357542e-03 7.8212290502793e-03 2.3463687150838e-03 1.1173184357542e-03 2.1229050279330e-03 2.7821229050279e-02 3.4636871508380e-03 4.2458100558659e-03 2.5698324022346e-03 2.9050279329609e-03 1.5642458100559e-03 8.6167597765363e-01 
63 1.9138755980861e-03 4.4019138755981e-03 3.5406698564593e-03 2.4880382775120e-03 1.7607655502392e-02 4.2966507177034e-02 5.9330143540670e-03 3.1578947368421e-03 4.4976076555024e-03 2.3732057416268e-02 1.8373205741627e-02 8.7081339712919e-03 9.0909090909091e-03 4.7846889952153e-03 5.5502392344498e-03 1.6267942583732e-03 6.3157894736842e-03 1.8181818181818e-03 5.4545454545455e-03 1.4258373205742e-02 1.1483253588517e-03 1.2057416267943e-02 2.5837320574163e-03 8.1052631578947e-02 7.1693779904306e-01 
64 1.7777777777778e-03 1.0666666666667e-03 1.0666666666667e-03 4.3555555555556e-03 1.1911111111111e-02 3.2888888888889e-03 1.1555555555556e-03 3.4666666666667e-03 1.6000000000000e-03 8.7022222222222e-02 2.8444444444444e-03 3.1111111111111e-03 1.6888888888889e-03 1.9555555555556e-03 5.6000000000000e-03 1.8666666666667e-03 8.2666666666667e-03 3.0222222222222e-03 1.3155555555556e-02 2.1422222222222e-02 2.9333333333333e-03 2.7555555555556e-03 1.4222222222222e-03 1.4222222222222e-03 8.1182222222222e-01 
65 2.3267973856209e-02 7.4509803921569e-03 9.6732026143791e-03 3.3986928104575e-03 1.6209150326797e-02 4.7058823529412e-03 6.1437908496732e-03 3.0065359477124e-03 2.6143790849673e-03 2.6143790849673e-03 2.5359477124183e-02 4.9673202614379e-03 8.8888888888889e-03 2.7450980392157e-03 2.0915032679739e-03 4.0522875816993e-03 2.3529411764706e-03 2.7450980392157e-03 2.2222222222222e-03 1.4379084967320e-03 2.4836601307190e-03 3.1372549019608e-03 1.4379084967320e-03 1.0718954248366e-02 8.4627450980392e-01 
66 1.6783216783217e-03 1.3986013986014e-03 1.5384615384615e-03 1.5384615384615e-03 5.1048951048951e-02 1.5384615384615e-03 7.2447552447552e-02 1.5384615384615e-03 1.3986013986014e-03 1.3986013986014e-03 1.3986013986014e-03 1.3986013986014e-03 1.1888111888112e-02 1.3986013986014e-03 2.3776223776224e-03 1.6783216783217e-03 1.5384615384615e-03 1.6783216783217e-02 3.8181818181818e-02 4.0559440559441e-03 1.6783216783217e-03 4.8391608391608e-02 5.5944055944056e-03 3.0769230769231e-03 7.2503496503496e-01 
67 2.0091324200913e-03 1.8264840182648e-03 5.4794520547945e-03 5.8904109589041e-02 1.3424657534247e-02 3.1689497716895e-02 4.8401826484018e-03 9.4063926940639e-03 2.1917808219178e-03 2.1004566210046e-03 9.4977168949772e-03 4.0273972602740e-02 1.7077625570776e-02 4.1095890410959e-03 2.1369863013699e-02 1.5525114155251e-03 4.8401826484018e-03 9.4977168949772e-03 5.9360730593607e-03 1.9178082191781e-03 3.2876712328767e-03 1.8812785388128e-02 3.2876712328767e-03 7.9452054794521e-03 7.1872146118721e-01 
68 2.3157894736842e-03 6.7368421052632e-03 2.5263157894737e-03 2.5263157894737e-03 2.3157894736842e-03 2.3157894736842e-03 2.5263157894737e-03 9.8947368421053e-03 2.5263157894737e-03 2.1052631578947e-03 2.1052631578947e-03 3.7894736842105e-03 1.3031578947368e-01 3.7894736842105e-03 2.9473684210526e-03 2.7368421052632e-03 2.3789473684211e-02 3.1578947368421e-03 2.1052631578947e-03 2.3157894736842e-03 5.0526315789474e-03 3.1578947368421e-03 7.3473684210526e-02 2.5263157894737e-03 7.0294736842105e-01 
69 1.9819819819820e-03 1.9819819819820e-03 2.1621621621622e-03 1.8018018018018e-03 3.0630630630631e-03 1.9819819819820e-03 2.1621621621622e-03 1.9819819819820e-03 1.9819819819820e-03 1.9819819819820e-03 1.8018018018018e-03 1.8018018018018e-03 1.9819819819820e-03 2.8828828828829e-03 3.5927927927928e-01 1.8018018018018e-03 1.8018018018018e-03 1.8018018018018e-03 2.3243243243243e-02 2.1621621621622e-03 1.8018018018018e-03 1.8018018018018e-03 3.4234234234234e-03 2.5225225225225e-03 5.7081081081081e-01 
70 1.5469613259669e-03 1.3259668508287e-03 3.2044198895028e-03 3.3149171270718e-03 1.2265193370166e-02 5.4143646408840e-03 2.8729281767956e-03 1.8784530386740e-03 3.7569060773481e-03 3.0939226519337e-03 7.6243093922652e-03 7.8453038674033e-03 8.6187845303867e-03 2.2099447513812e-03 4.6408839779005e-03 4.3093922651934e-03 1.7679558011050e-03 1.5469613259669e-03 9.3922651933702e-03 2.3204419889503e-03 5.7458563535911e-03 2.8729281767956e-03 2.4309392265193e-03 6.3314917127072e-02 8.3668508287293e-01 
71 3.4146341463415e-03 3.2195121951219e-03 3.6097560975610e-03 5.6585365853658e-03 2.8292682926829e-03 3.1219512195122e-03 2.7317073170732e-03 6.9268292682927e-03 1.9512195121951e-03 1.9512195121951e-03 2.4390243902439e-03 2.7317073170732e-03 1.5609756097561e-03 1.2000000000000e-02 5.2682926829268e-03 1.3658536585366e-03 7.9609756097561e-02 5.0731707317073e-03 1.8829268292683e-02 2.1463414634146e-03 6.5658536585366e-02 1.3560975609756e-02 1.6585365853659e-03 1.6585365853659e-03 7.5102439024390e-01 
72 4.4229074889868e-02 1.3656387665198e-02 1.4766519823789e-01 1.8502202643172e-03 2.1145374449339e-03 4.2819383259912e-02 1.0572687224670e-03 1.8502202643172e-03 2.3788546255507e-03 4.4052863436123e-03 2.8193832599119e-03 1.9383259911894e-03 1.1453744493392e-03 8.8105726872246e-04 1.6387665198238e-02 9.6916299559471e-04 9.6916299559471e-04 1.0572687224670e-03 1.4096916299559e-03 1.8502202643172e-03 1.1453744493392e-03 1.1453744493392e-02 1.4096916299559e-03 2.3788546255507e-03 6.9215859030837e-01 
73 2.5316455696203e-03 2.5316455696203e-03 3.5443037974684e-03 2.7848101265823e-03 2.7848101265823e-03 5.3164556962025e-03 1.9493670886076e-02 2.5316455696203e-03 3.0379746835443e-03 3.0379746835443e-03 6.8354430379747e-03 4.0253164556962e-02 2.7848101265823e-03 2.7848101265823e-03 2.5316455696203e-03 2.7848101265823e-03 2.7848101265823e-03 2.5316455696203e-03 3.0379746835443e-03 2.5316455696203e-03 1.6202531645570e-02 3.0379746835443e-03 3.2911392405063e-03 4.3291139240506e-02 8.1772151898734e-01 
74 1.4379084967320e-03 1.5686274509804e-03 1.3071895424837e-03 1.3071895424837e-03 1.4379084967320e-03 1.4379084967320e-03 1.3071895424837e-03 1.4379084967320e-03 7.5424836601307e-02 4.3921568627451e-02 6.7973856209150e-03 1.4379084967320e-03 1.4379084967320e-03 1.5686274509804e-03 1.4379084967320e-03 1.3071895424837e-03 1.3071895424837e-03 1.3071895424837e-03 1.3071895424837e-03 1.4379084967320e-03 3.6601307189542e-03 2.8758169934641e-03 1.3071895424837e-03 1.3071895424837e-03 8.4091503267974e-01 
75 1.8045112781955e-03 1.5037593984962e-03 1.9548872180451e-03 1.5037593984962e-03 4.5112781954887e-03 2.4060150375940e-03 1.5037593984962e-03 1.8045112781955e-03 1.0977443609023e-02 2.2556390977444e-03 1.2481203007519e-02 1.8045112781955e-03 1.9548872180451e-03 2.4060150375940e-03 2.4060150375940e-03 1.9548872180451e-03 1.8045112781955e-03 1.6541353383459e-03 1.6541353383459e-03 2.7218045112782e-01 4.0751879699248e-02 2.4060150375940e-03 1.5037593984962e-03 3.6842105263158e-02 5.8796992481203e-01 
76 2.1192052980132e-03 1.3245033112583e-03 3.0463576158940e-03 1.3245033112583e-03 1.8543046357616e-03 1.1721854304636e-01 1.7218543046358e-03 3.5761589403974e-03 1.7218543046358e-03 2.0264900662252e-02 5.1655629139073e-03 2.1456953642384e-02 1.7218543046358e-03 8.2119205298013e-03 1.7218543046358e-03 2.2516556291391e-03 1.3245033112583e-03 1.1046357615894e-01 1.2317880794702e-02 2.3841059602649e-03 1.8543046357616e-03 7.9470198675497e-03 1.6953642384106e-02 6.0927152317881e-03 6.4596026490066e-01 
77 8.0615384615385e-02 6.4000000000000e-02 7.3846153846154e-03 2.1230769230769e-02 4.6153846153846e-03 6.1538461538462e-03 4.9846153846154e-02 4.0000000000000e-03 3.3846153846154e-03 7.6923076923077e-03 5.2307692307692e-03 1.2000000000000e-02 3.6923076923077e-03 4.0000000000000e-03 5.1384615384615e-02 5.2307692307692e-03 3.3846153846154e-03 3.0769230769231e-03 3.3846153846154e-03 4.0000000000000e-03 3.0769230769231e-03 4.0000000000000e-03 3.6923076923077e-03 3.6923076923077e-03 6.4123076923077e-01 
78 1.5311004784689e-03 3.0622009569378e-03 3.3492822966507e-03 1.1483253588517e-03 4.1148325358852e-03 4.4976076555024e-03 3.0622009569378e-03 5.2631578947368e-03 4.1148325358852e-03 2.3923444976077e-03 2.6794258373206e-03 1.6267942583732e-03 2.1913875598086e-02 1.7033492822967e-02 3.1578947368421e-03 3.0622009569378e-03 8.5454545454546e-02 1.7224880382775e-03 3.9904306220096e-02 2.1052631578947e-03 1.8660287081340e-02 1.3397129186603e-03 8.8038277511962e-03 6.3157894736842e-03 7.5368421052632e-01 
