0 1.0239234449761e-02 1.6267942583732e-02 1.6363636363636e-02 4.4976076555024e-03 1.8181818181818e-03 2.6794258373206e-03 4.4976076555024e-03 1.1291866028708e-02 4.4688995215311e-02 4.0191387559809e-03 2.2679425837321e-02 5.0717703349282e-03 5.6172248803828e-02 2.6794258373206e-03 5.0909090909091e-02 2.8133971291866e-02 9.6650717703349e-03 5.3971291866029e-02 3.9521531100478e-02 1.5234449760766e-01 5.2727272727273e-02 1.7990430622010e-02 2.0267942583732e-01 6.1531100478469e-02 1.2755980861244e-01 
1 5.3801169590643e-03 1.1695906432749e-03 6.7578947368421e-01 2.2222222222222e-03 7.2514619883041e-03 1.2046783625731e-02 1.2865497076023e-03 1.4035087719298e-03 5.1461988304094e-03 2.5730994152047e-03 7.2514619883041e-03 1.5321637426901e-02 3.1578947368421e-03 5.8479532163743e-03 1.2865497076023e-03 1.2783625730994e-01 9.1228070175439e-03 5.3216374269006e-02 1.2163742690059e-02 2.8070175438597e-03 3.1111111111111e-02 2.5730994152047e-03 3.1578947368421e-03 7.9532163742690e-03 2.9239766081871e-03 
2 5.0793650793651e-03 2.6571428571429e-01 6.3492063492064e-03 5.7142857142857e-03 1.3333333333333e-02 4.7619047619048e-03 2.0698412698413e-01 4.1269841269841e-03 9.2063492063492e-02 3.8095238095238e-03 6.3492063492064e-03 1.2063492063492e-02 5.0793650793651e-03 4.1269841269841e-03 1.2698412698413e-02 8.5714285714286e-03 2.2158730158730e-01 2.6349206349206e-02 6.6666666666667e-03 6.0317460317460e-03 3.4920634920635e-03 4.4444444444444e-03 4.1269841269841e-03 6.5079365079365e-02 5.3968253968254e-03 
3 5.7534246575342e-03 5.4611872146119e-02 6.3287671232877e-02 4.4748858447489e-03 2.2191780821918e-02 2.6027397260274e-02 6.4840182648402e-03 1.2182648401826e-01 1.9360730593607e-02 2.8310502283105e-03 8.1278538812785e-03 5.2968036529680e-03 4.4127853881279e-01 1.1872146118721e-03 7.2146118721461e-03 2.4657534246575e-03 1.2210045662100e-01 7.3972602739726e-03 4.2739726027397e-02 2.2831050228311e-03 1.9634703196347e-02 3.5616438356164e-03 2.1917808219178e-03 2.6484018264840e-03 5.0228310502283e-03 
4 3.5114503816794e-03 5.8015267175573e-03 1.8320610687023e-03 3.0534351145038e-03 1.2977099236641e-02 3.5114503816794e-03 1.1755725190840e-02 1.6793893129771e-03 3.3129770992366e-02 1.3282442748092e-01 2.7480916030534e-03 3.8167938931298e-03 5.0381679389313e-03 1.6625954198473e-01 1.0992366412214e-02 2.5954198473282e-03 6.5648854961832e-03 2.1374045801527e-03 5.0381679389313e-03 8.2900763358779e-02 3.5114503816794e-03 3.9847328244275e-01 2.2900763358779e-03 3.2061068702290e-03 9.4351145038168e-02 
5 1.4574898785425e-03 4.1619433198381e-02 5.6680161943320e-02 1.9433198380567e-03 1.2145748987854e-03 1.1400809716599e-01 2.5910931174089e-03 7.6113360323887e-03 6.7206477732793e-03 3.4979757085020e-02 4.0485829959514e-03 1.2388663967611e-02 4.6315789473684e-02 1.4493927125506e-02 1.0526315789474e-03 1.8623481781377e-03 4.1376518218624e-02 1.4955465587045e-01 1.6493927125506e-01 1.4574898785425e-03 1.4712550607287e-01 2.5910931174089e-03 4.7773279352227e-03 1.3336032388664e-01 5.8299595141700e-03 
6 6.7150259067358e-02 8.9119170984456e-03 1.0984455958549e-02 2.5906735751295e-03 2.4196891191710e-01 1.1295336787565e-02 2.4870466321244e-03 2.5181347150259e-02 1.6373056994819e-02 6.5284974093264e-03 2.3834196891192e-03 2.4870466321244e-03 3.1088082901554e-03 7.2435233160622e-02 1.3989637305699e-01 1.4507772020725e-03 1.1875647668394e-01 1.3367875647668e-02 6.1347150259067e-02 5.1813471502591e-03 1.8238341968912e-02 1.4963730569948e-01 1.5544041450777e-03 1.3367875647668e-02 3.3160621761658e-03 
7 2.5954198473282e-03 1.6793893129771e-03 9.0381679389313e-02 1.5267175572519e-03 2.7480916030534e-03 1.7557251908397e-01 1.9847328244275e-03 4.1221374045801e-03 5.2061068702290e-02 3.5114503816794e-03 1.2366412213740e-02 3.2061068702290e-03 8.8549618320611e-03 1.6793893129771e-02 2.3206106870229e-01 5.8015267175573e-03 1.6793893129771e-03 3.8167938931298e-03 2.6106870229008e-02 1.8320610687023e-03 4.7328244274809e-03 1.6793893129771e-03 5.3435114503817e-03 8.8091603053435e-02 2.5145038167939e-01 
8 1.9178082191781e-03 1.0045662100457e-01 1.0319634703196e-02 8.4931506849315e-03 1.6968036529680e-01 1.7351598173516e-03 1.4611872146119e-03 6.6666666666667e-03 1.1872146118721e-03 1.5525114155251e-03 5.5707762557078e-03 7.7625570776256e-03 1.0986301369863e-01 9.2146118721461e-02 2.1917808219178e-03 1.3881278538813e-02 3.9360730593607e-02 4.9863013698630e-02 2.2100456621005e-02 8.9954337899543e-02 3.4977168949772e-02 3.2237442922374e-02 3.4703196347032e-03 1.9196347031963e-01 1.1872146118721e-03 
9 7.2558139534884e-03 6.1395348837209e-03 2.7925581395349e-01 2.3255813953488e-03 2.2325581395349e-03 2.5116279069767e-02 1.8604651162791e-03 2.9767441860465e-03 8.9302325581395e-03 1.2093023255814e-03 1.0232558139535e-03 5.5813953488372e-03 1.2725581395349e-01 1.1162790697674e-03 1.5813953488372e-02 1.5813953488372e-03 1.5348837209302e-02 1.9534883720930e-03 2.7813953488372e-01 1.8697674418605e-02 2.4186046511628e-03 1.9069767441860e-02 1.2093023255814e-03 1.7227906976744e-01 1.2093023255814e-03 
10 1.2017167381974e-03 4.7210300429185e-03 3.0901287553648e-03 1.8025751072961e-03 1.0660944206009e-01 3.6909871244635e-03 2.4892703862661e-03 1.4592274678112e-03 8.5150214592275e-02 7.7253218884120e-03 2.6566523605150e-01 7.7253218884120e-03 1.1218884120172e-01 1.1158798283262e-03 3.6909871244635e-03 9.4420600858369e-04 1.7167381974249e-03 1.2875536480687e-03 8.2575107296137e-02 2.2317596566524e-03 1.5502145922747e-01 3.0042918454936e-03 5.1330472103004e-02 9.1158798283262e-02 2.4034334763949e-03 
11 2.2966507177034e-03 1.1196172248804e-02 1.4210526315789e-01 7.7511961722488e-03 1.5789473684211e-02 2.5837320574163e-03 4.0191387559809e-03 6.7942583732057e-03 2.7751196172249e-03 5.9330143540670e-03 3.3492822966507e-03 1.3397129186603e-03 2.8468899521531e-01 1.5311004784689e-03 4.7846889952153e-03 1.2440191387560e-03 3.0622009569378e-03 4.4688995215311e-02 2.1846889952153e-01 2.2966507177034e-03 4.7368421052632e-02 1.9138755980861e-03 5.0717703349282e-03 1.7760765550239e-01 1.3397129186603e-03 
12 3.9234449760766e-03 6.1913875598086e-02 1.4162679425837e-02 4.9952153110048e-02 2.5224880382775e-01 1.4545454545455e-02 1.3397129186603e-03 1.6143540669856e-01 1.0717703349282e-02 1.1674641148325e-02 3.6363636363636e-03 1.1598086124402e-01 8.2105263157895e-02 1.5311004784689e-03 1.0239234449761e-02 1.6267942583732e-03 5.9330143540670e-03 6.4114832535885e-03 8.2009569377990e-02 5.7129186602871e-02 8.8995215311005e-03 2.9665071770335e-02 6.5071770334928e-03 2.8708133971292e-03 3.5406698564593e-03 
13 1.1603603603604e-01 1.9819819819820e-03 2.3423423423423e-03 9.3693693693693e-03 3.2432432432432e-03 4.5045045045045e-03 1.9819819819820e-03 2.3423423423423e-03 1.9819819819820e-03 1.8414414414414e-01 1.8918918918919e-02 2.8828828828829e-03 2.8828828828829e-03 4.7747747747748e-02 1.7513513513514e-01 2.7207207207207e-02 7.0270270270270e-03 1.9819819819820e-03 5.4054054054054e-02 2.1621621621622e-03 2.8828828828829e-03 2.3423423423423e-03 1.2072072072072e-02 3.0972972972973e-01 5.0450450450451e-03 
14 1.7040358744395e-03 7.1300448430493e-02 3.2735426008969e-02 8.0896860986547e-02 5.6502242152466e-03 9.5695067264574e-02 1.7040358744395e-03 1.9730941704036e-03 2.2421524663677e-03 4.5291479820628e-02 8.9686098654709e-04 5.3811659192825e-03 2.4125560538117e-02 1.3811659192825e-02 1.2708520179372e-01 1.7937219730942e-03 1.6143497757848e-03 3.0672645739910e-02 4.3408071748879e-02 1.0556053811659e-01 4.5739910313901e-03 1.2699551569507e-01 1.5479820627803e-01 1.0134529147982e-02 9.9551569506726e-03 
15 2.0202020202020e-03 2.0202020202020e-03 7.2767676767677e-01 2.0202020202020e-03 1.1696969696970e-01 7.8989898989899e-02 2.0202020202020e-03 3.0303030303030e-03 2.0202020202020e-03 3.0303030303030e-03 2.4242424242424e-03 5.8585858585859e-03 2.2222222222222e-03 2.6262626262626e-03 5.8585858585859e-03 5.6565656565657e-03 2.0202020202020e-03 1.0101010101010e-02 2.2222222222222e-03 2.2222222222222e-03 5.2525252525253e-03 2.6262626262626e-03 5.4545454545455e-03 2.8282828282828e-03 2.8282828282828e-03 
16 1.6052356020942e-01 2.2303664921466e-02 8.6910994764398e-03 1.0471204188482e-03 1.4659685863874e-03 2.1989528795811e-03 4.7120418848168e-03 2.1465968586387e-02 9.5287958115183e-03 7.3612565445026e-02 1.7801047120419e-03 4.7539267015707e-02 1.7434554973822e-01 7.0157068062827e-03 4.1884816753927e-02 1.9895287958115e-03 2.0942408376963e-03 8.9424083769634e-02 2.9486910994764e-01 2.0942408376963e-03 4.3979057591623e-03 2.1989528795812e-03 1.2356020942408e-02 2.7225130890052e-03 9.7382198952880e-03 
17 2.1935483870968e-02 2.5806451612903e-03 4.0645161290323e-02 2.3655913978495e-03 3.0107526881720e-03 1.8881720430108e-01 4.0860215053763e-03 4.7311827956989e-03 2.5806451612903e-03 9.2688172043011e-02 2.1505376344086e-03 8.1720430107527e-03 1.7419354838710e-02 9.8924731182796e-03 1.9139784946237e-02 3.0107526881720e-03 7.8494623655914e-02 6.0215053763441e-03 2.5806451612903e-03 6.0215053763441e-03 2.1505376344086e-03 4.1311827956989e-01 6.2150537634409e-02 3.8709677419355e-03 2.3655913978495e-03 
18 1.0572687224670e-03 1.0731277533040e-01 1.1101321585903e-02 6.1674008810573e-03 1.6740088105727e-03 6.0000000000000e-02 1.2334801762115e-03 2.7312775330396e-03 2.6431718061674e-03 8.3083700440529e-02 3.8766519823789e-03 2.2026431718062e-03 6.7400881057269e-02 9.7797356828194e-03 2.9074889867841e-03 4.5814977973568e-03 7.6123348017621e-02 1.7118942731278e-01 1.7374449339207e-01 4.8898678414097e-02 5.0484581497797e-02 3.1013215859031e-02 3.0572687224670e-02 4.8810572687225e-02 1.4096916299559e-03 
19 5.2694610778443e-03 1.4419161676647e-01 9.8562874251497e-02 2.7544910179641e-03 1.9161676646707e-03 1.1976047904192e-03 2.2155688622754e-02 2.2754491017964e-03 7.8802395209581e-02 6.1077844311377e-03 1.7964071856287e-03 1.6766467065868e-03 2.2754491017964e-03 2.0359281437126e-03 1.3173652694611e-03 1.5568862275449e-03 5.9880239520958e-03 1.4131736526946e-02 1.5568862275449e-03 3.1149700598802e-01 3.1137724550898e-03 1.1808383233533e-01 9.9161676646707e-02 5.8922155688623e-02 1.3652694610778e-02 
20 1.0724637681159e-02 1.7391304347826e-03 3.0917874396135e-03 4.8309178743962e-03 1.5169082125604e-02 1.3526570048309e-03 6.4347826086957e-02 1.8357487922705e-03 1.7864734299517e-01 1.4908212560386e-01 7.2463768115942e-03 3.2850241545894e-03 6.4734299516908e-03 1.4492753623188e-03 1.0628019323671e-03 1.0628019323671e-03 3.3816425120773e-03 1.1980676328502e-02 4.9082125603865e-02 9.7971014492754e-02 4.4057971014493e-02 4.3188405797101e-02 2.4956521739130e-01 2.0289855072464e-03 4.7342995169082e-02 
21 9.1794871794872e-02 1.6581196581197e-02 4.2735042735043e-03 1.8803418803419e-02 5.9829059829060e-03 1.8803418803419e-03 6.8888888888889e-02 6.2905982905983e-02 6.8376068376068e-03 1.3675213675214e-02 2.9059829059829e-03 1.0256410256410e-02 4.9572649572650e-03 6.8376068376068e-02 2.2222222222222e-03 2.6837606837607e-02 1.6239316239316e-02 2.7350427350427e-03 2.5641025641026e-03 4.6461538461538e-01 2.3247863247863e-02 1.7094017094017e-03 6.4102564102564e-02 6.6666666666667e-03 1.0940170940171e-02 
22 3.8101265822785e-01 4.0506329113924e-03 6.0759493670886e-03 1.1139240506329e-02 3.7974683544304e-03 9.8734177215190e-03 2.5316455696203e-03 3.0379746835443e-03 3.3924050632911e-02 1.5949367088608e-01 1.8000000000000e-01 6.5822784810126e-03 3.2911392405063e-03 8.3544303797468e-03 1.4936708860759e-02 3.7721518987342e-02 4.0506329113924e-03 5.1645569620253e-02 2.7848101265823e-03 2.7848101265823e-03 2.7848101265823e-03 1.1898734177215e-02 4.8354430379747e-02 6.0759493670886e-03 3.7974683544304e-03 
23 1.0651428571429e-01 2.1714285714286e-03 6.0571428571429e-02 1.2228571428571e-02 1.9428571428571e-03 2.2857142857143e-03 1.4857142857143e-03 4.1142857142857e-03 4.2285714285714e-03 2.0571428571429e-03 1.8285714285714e-03 2.8548571428571e-01 2.5142857142857e-03 2.6285714285714e-03 4.3428571428571e-03 4.6857142857143e-03 1.4011428571429e-01 9.1542857142857e-02 1.9588571428571e-01 1.3714285714286e-03 4.9142857142857e-03 1.6000000000000e-03 2.6285714285714e-03 1.1428571428571e-03 6.1714285714286e-02 
24 2.3822222222222e-02 1.8755555555556e-02 1.9022222222222e-02 1.0915555555556e-01 4.7022222222222e-02 1.2444444444444e-03 1.0666666666667e-03 2.8444444444444e-03 6.1866666666667e-02 1.1555555555556e-03 9.9288888888889e-02 2.6453333333333e-01 1.6533333333333e-02 1.6000000000000e-02 1.6000000000000e-03 3.2888888888889e-03 3.8222222222222e-03 6.9333333333333e-03 1.2426666666667e-01 1.8400000000000e-02 8.0888888888889e-03 1.6711111111111e-02 2.1333333333333e-03 6.4977777777778e-02 6.7466666666667e-02 
25 1.2630136986301e-01 4.4657534246575e-02 1.0684931506849e-02 2.7397260273973e-03 1.8904109589041e-02 9.5890410958904e-02 1.5616438356164e-02 3.8356164383562e-03 4.1095890410959e-03 2.4383561643836e-02 7.9452054794521e-03 8.2191780821918e-03 3.8356164383562e-03 3.3424657534247e-02 8.2191780821918e-03 3.0136986301370e-03 1.6191780821918e-01 3.4904109589041e-01 1.6986301369863e-02 3.0136986301370e-03 6.8493150684932e-03 3.2876712328767e-03 9.5890410958904e-03 1.6986301369863e-02 2.0547945205479e-02 
26 6.6976744186046e-03 1.3609302325581e-01 1.6744186046512e-03 7.8139534883721e-03 7.6837209302326e-02 7.8139534883721e-03 1.4772093023256e-01 5.3953488372093e-03 4.2790697674419e-03 1.8604651162791e-03 1.1162790697674e-03 6.0558139534884e-02 4.4651162790698e-03 2.2604651162791e-02 1.6744186046512e-03 9.8139534883721e-02 8.6697674418605e-02 1.3953488372093e-03 2.6046511627907e-02 1.8790697674419e-01 1.4883720930233e-03 9.0976744186046e-02 3.5348837209302e-03 1.0697674418605e-02 6.5116279069767e-03 
27 5.2173913043478e-03 6.0869565217391e-03 7.8608695652174e-01 3.4782608695652e-03 4.9275362318841e-03 6.9565217391304e-03 4.0579710144928e-03 7.5362318840579e-03 7.5362318840580e-03 4.9275362318841e-03 3.4782608695652e-03 4.0579710144928e-03 2.7826086956522e-02 1.3623188405797e-02 1.6521739130435e-02 4.2318840579710e-02 3.1884057971015e-03 3.7681159420290e-03 1.7101449275362e-02 2.8985507246377e-03 4.6376811594203e-03 2.8985507246377e-03 8.4057971014493e-03 8.9855072463768e-03 3.4782608695652e-03 
28 4.0707964601770e-03 3.1858407079646e-03 2.9168141592920e-01 2.1238938053097e-03 9.2743362831858e-02 6.0353982300885e-02 4.7787610619469e-03 3.1858407079646e-03 5.8407079646018e-03 7.0796460176991e-03 4.2300884955752e-02 1.1504424778761e-02 7.7345132743363e-02 3.7168141592920e-03 5.8407079646018e-03 3.4991150442478e-01 1.0619469026549e-02 4.7787610619469e-03 7.2566371681416e-03 2.3008849557522e-03 1.9469026548673e-03 1.7699115044248e-03 1.9469026548673e-03 1.7699115044248e-03 1.9469026548673e-03 
29 7.1056910569106e-02 1.2032520325203e-02 1.1056910569106e-02 7.4796747967480e-03 2.4390243902439e-03 7.6422764227642e-03 2.6016260162602e-03 8.1300813008130e-03 1.9512195121951e-03 1.3252032520325e-01 5.6910569105691e-03 2.9430894308943e-02 1.9024390243902e-02 7.9512195121951e-02 1.2520325203252e-02 1.8861788617886e-02 1.0097560975610e-01 4.3414634146341e-02 5.8536585365854e-03 3.5772357723577e-03 1.0373983739837e-01 2.1626016260163e-02 1.4406504065041e-01 1.4211382113821e-01 1.2682926829268e-02 
30 7.5324675324675e-03 3.1168831168831e-03 1.3792207792208e-01 2.8571428571429e-03 5.4285714285714e-02 7.0129870129870e-03 6.7532467532467e-03 3.1168831168831e-03 1.2753246753247e-01 6.2337662337662e-03 1.6831168831169e-01 9.8701298701299e-03 1.8961038961039e-02 1.8701298701299e-02 1.7506493506493e-01 7.8701298701299e-02 5.7142857142857e-03 2.5974025974026e-03 2.0259740259740e-02 5.1948051948052e-03 1.4805194805195e-02 6.7532467532467e-03 4.9350649350649e-03 1.0987012987013e-01 3.8961038961039e-03 
31 2.0942408376963e-03 6.2094240837696e-02 2.4083769633508e-03 3.3507853403141e-03 6.5968586387435e-03 3.4554973821990e-03 2.9633507853403e-02 5.4450261780105e-03 2.2544502617801e-01 2.4083769633508e-03 1.5706806282722e-03 5.3926701570681e-02 1.7591623036649e-02 4.5026178010471e-03 7.1413612565445e-02 1.7801047120419e-03 5.5183246073298e-02 2.0942408376963e-03 1.8554973821990e-01 1.2565445026178e-02 1.7099476439791e-01 6.9947643979058e-02 2.5130890052356e-03 5.4450261780105e-03 1.9895287958115e-03 
32 1.9047619047619e-03 2.5396825396825e-03 7.5132275132275e-03 2.8095238095238e-01 2.8571428571429e-03 8.9947089947090e-03 1.3142857142857e-01 1.7989417989418e-03 1.3015873015873e-02 8.3597883597884e-03 5.1851851851852e-03 1.5978835978836e-02 3.0687830687831e-03 3.3333333333333e-02 6.3492063492063e-03 2.9629629629630e-03 8.1481481481481e-03 1.1746031746032e-02 2.4486772486772e-01 7.4074074074074e-02 1.5873015873016e-03 2.6772486772487e-02 9.6507936507937e-02 7.8306878306878e-03 2.2222222222222e-03 
33 3.0410958904110e-02 3.2876712328767e-03 1.0410958904110e-02 4.1095890410959e-03 5.2054794520548e-03 2.4821917808219e-01 1.4219178082192e-01 5.1780821917808e-02 3.0684931506849e-02 3.4520547945205e-02 2.7397260273973e-03 3.2054794520548e-01 8.7671232876712e-03 3.2876712328767e-03 3.5616438356164e-03 3.0136986301370e-03 7.1232876712329e-03 2.9315068493151e-02 5.2054794520548e-03 1.4520547945205e-02 3.0136986301370e-03 2.7397260273973e-03 2.9315068493151e-02 3.2876712328767e-03 2.7397260273973e-03 
34 1.7600000000000e-03 1.7600000000000e-03 4.4800000000000e-03 2.7328000000000e-01 2.5600000000000e-03 1.0240000000000e-02 2.2400000000000e-03 1.6000000000000e-03 1.6000000000000e-03 8.8000000000000e-03 2.2400000000000e-03 7.3600000000000e-03 2.5600000000000e-03 1.6000000000000e-03 2.5600000000000e-03 4.1440000000000e-02 8.3200000000000e-03 2.3152000000000e-01 3.5200000000000e-03 2.5600000000000e-03 4.8480000000000e-02 3.2640000000000e-01 6.8800000000000e-03 2.8800000000000e-03 3.3600000000000e-03 
35 9.7094972067039e-02 1.3027932960894e-01 3.5754189944134e-03 2.9050279329609e-03 2.5698324022346e-03 2.6256983240223e-02 4.6927374301676e-03 1.1843575418994e-02 4.4692737430168e-03 1.5608938547486e-01 5.8100558659218e-03 2.8044692737430e-02 3.0167597765363e-03 4.8044692737430e-03 7.3519553072626e-02 8.6033519553073e-03 2.0111731843575e-03 4.0223463687151e-03 4.0256983240223e-01 3.7988826815642e-03 1.7877094972067e-03 6.8156424581006e-03 3.6871508379888e-03 1.0055865921788e-02 1.6759776536313e-03 
36 4.1711229946524e-03 1.0160427807487e-02 1.1657754010695e-01 1.9251336898396e-03 3.1016042780749e-03 1.2834224598930e-03 2.0320855614973e-03 1.5614973262032e-02 1.1764705882353e-03 1.0695187165775e-03 1.9251336898396e-03 3.2085561497326e-03 5.4834224598930e-01 1.4973262032086e-03 1.0406417112299e-01 2.0320855614973e-03 3.2085561497326e-03 2.6737967914438e-03 1.3689839572192e-01 3.2085561497326e-03 1.6042780748663e-03 1.1764705882353e-03 6.8449197860963e-03 2.3422459893048e-02 2.7807486631016e-03 
37 1.1707317073171e-03 1.3600000000000e-01 1.9609756097561e-01 9.5609756097561e-03 1.0731707317073e-03 1.2682926829268e-03 1.9512195121951e-03 1.2682926829268e-03 1.7560975609756e-03 3.7073170731707e-03 2.9268292682927e-03 2.2439024390244e-03 6.2439024390244e-03 3.3170731707317e-03 1.1707317073171e-03 2.3414634146341e-03 8.0292682926829e-02 8.7024390243902e-02 3.7697560975610e-01 1.7560975609756e-03 3.9024390243902e-03 1.8536585365854e-03 3.4536585365854e-02 4.0390243902439e-02 1.1707317073171e-03 
38 8.2474226804124e-03 8.0412371134021e-03 9.0721649484536e-03 6.5567010309278e-02 6.5567010309278e-02 4.4329896907217e-02 1.8556701030928e-02 2.8865979381443e-03 1.8969072164948e-02 2.5154639175258e-02 2.6804123711340e-03 3.2783505154639e-02 3.9175257731959e-03 1.4020618556701e-01 4.3298969072165e-03 7.2164948453608e-03 4.5360824742268e-03 4.9484536082474e-03 1.1340206185567e-02 2.4742268041237e-03 1.6329896907216e-01 4.5360824742268e-03 3.2659793814433e-01 2.2680412371134e-02 2.0618556701031e-03 
39 2.0540540540541e-03 2.2810810810811e-01 7.4270270270270e-02 1.8378378378378e-02 7.2432432432432e-03 1.1891891891892e-03 1.3329729729730e-01 1.5135135135135e-03 1.1113513513514e-01 2.4864864864865e-02 1.1967567567568e-01 5.1891891891892e-03 2.4972972972973e-02 2.2702702702703e-03 6.4864864864865e-03 4.7567567567568e-03 3.2432432432432e-03 3.2432432432432e-03 2.0172972972973e-01 8.6486486486487e-03 2.9189189189189e-03 1.9459459459459e-03 2.4864864864865e-03 6.0540540540541e-03 4.3243243243243e-03 
40 7.2373540856031e-03 5.5642023346304e-02 3.5175097276265e-02 2.9805447470817e-02 9.3385214007782e-04 9.3929961089494e-02 1.5159533073930e-01 3.4241245136187e-03 4.0389105058366e-02 1.6342412451362e-03 2.6459143968872e-03 2.4902723735409e-03 1.6420233463035e-02 1.0894941634241e-03 1.1673151750973e-03 3.0350194552529e-03 1.6342412451362e-03 1.0552529182879e-01 1.0443579766537e-01 9.1750972762646e-02 1.4007782101167e-03 9.3385214007782e-04 1.5719844357977e-01 2.6459143968872e-03 8.7859922178988e-02 
41 1.6185022026432e-01 2.1136563876652e-01 5.4361233480176e-02 2.5198237885463e-02 2.7577092511013e-02 3.0220264317181e-02 9.9559471365639e-03 3.2334801762115e-02 1.2334801762115e-02 3.7004405286344e-03 1.1453744493392e-03 2.5286343612335e-02 9.3392070484581e-03 1.0572687224670e-03 5.4625550660793e-03 3.9647577092511e-03 1.0511013215859e-01 9.1013215859031e-02 1.4475770925110e-01 2.1145374449339e-03 5.1982378854626e-03 2.9955947136564e-02 3.7885462555066e-03 1.0572687224670e-03 1.8502202643172e-03 
42 7.4576271186441e-03 4.4067796610169e-03 4.7457627118644e-03 4.0677966101695e-03 4.4067796610169e-03 7.1186440677966e-03 4.0677966101695e-03 3.7288135593220e-03 3.3898305084746e-03 6.7796610169492e-03 2.5627118644068e-01 3.3898305084746e-03 4.7457627118644e-03 1.8915254237288e-01 2.2915254237288e-01 1.3220338983051e-02 5.0847457627119e-03 7.7966101694915e-03 2.1694915254237e-02 3.3898305084746e-03 3.7288135593220e-03 4.4067796610169e-03 1.9220338983051e-01 5.0847457627119e-03 1.0508474576271e-02 
43 2.3317535545024e-02 7.7251184834123e-02 6.3507109004739e-03 3.9336492890995e-02 1.9241706161137e-02 2.0853080568720e-03 2.6635071090047e-02 9.4786729857820e-04 1.4218009478673e-03 3.6966824644550e-03 1.2037914691943e-02 6.7962085308057e-02 3.1279620853081e-03 4.8056872037915e-02 1.1469194312796e-02 3.0331753554502e-03 3.0331753554502e-03 3.1279620853081e-03 1.2578199052133e-01 1.0066350710900e-01 1.3327014218009e-01 2.3165876777251e-01 3.0616113744076e-02 1.3270142180095e-03 2.4549763033175e-02 
44 3.4862385321101e-03 3.6697247706422e-03 5.1376146788991e-03 2.3853211009174e-03 5.3027522935780e-02 6.3119266055046e-02 6.2385321100917e-03 2.1651376146789e-02 2.9357798165138e-03 3.4862385321101e-03 6.9724770642202e-03 1.1376146788991e-02 8.4403669724771e-03 5.5045871559633e-03 6.0550458715596e-03 2.9357798165138e-03 2.0183486238532e-03 3.4862385321101e-03 3.1137614678899e-01 5.3211009174312e-03 7.7064220183486e-03 6.9724770642202e-03 2.3963302752294e-01 2.0954128440367e-01 7.5229357798165e-03 
45 8.2587064676617e-03 1.2666666666667e-01 7.3631840796020e-03 2.3880597014925e-03 1.1144278606965e-01 1.0945273631841e-02 4.5671641791045e-02 8.1094527363184e-02 9.4527363184079e-03 8.2587064676617e-03 1.1611940298507e-01 2.6865671641791e-03 2.5273631840796e-02 3.8805970149254e-03 1.3631840796020e-02 1.3930348258706e-03 1.3532338308458e-02 1.7572139303483e-01 1.8865671641791e-01 2.3582089552239e-02 3.5820895522388e-03 9.7512437810945e-03 6.5671641791045e-03 1.7910447761194e-03 2.2885572139303e-03 
46 8.9385474860335e-03 3.1620111731844e-02 5.4189944134078e-02 1.8994413407821e-03 7.7765363128492e-02 3.4357541899441e-01 6.2569832402235e-03 3.6871508379888e-03 2.1229050279330e-03 2.1229050279330e-03 2.9385474860335e-02 3.1284916201117e-02 1.0279329608939e-02 8.8268156424581e-03 4.8044692737430e-03 1.6759776536313e-03 3.3966480446927e-02 1.4301675977654e-02 1.7206703910615e-02 6.0335195530726e-03 1.0290502793296e-01 1.4290502793296e-01 4.1340782122905e-03 5.7430167597765e-02 2.6815642458101e-03 
47 6.6086956521739e-02 3.9613526570048e-03 1.1594202898551e-03 1.1497584541063e-02 8.7922705314010e-03 2.5120772946860e-03 1.9062801932367e-01 6.7922705314010e-02 1.5362318840580e-02 1.0724637681159e-02 2.6956521739130e-02 4.6376811594203e-03 1.4879227053140e-01 5.9710144927536e-02 8.2125603864734e-03 1.0792270531401e-01 1.5458937198068e-03 1.4492753623188e-03 8.3961352657005e-02 1.3140096618357e-02 5.1980676328502e-02 2.3961352657005e-02 8.4637681159420e-02 2.4154589371981e-03 2.0289855072464e-03 
48 6.2278481012658e-02 4.5569620253165e-03 1.4227848101266e-01 4.8101265822785e-03 1.9746835443038e-02 2.5417721518987e-01 6.1518987341772e-02 3.3949367088608e-01 4.8101265822785e-03 6.0759493670886e-03 1.2658227848101e-02 7.5949367088608e-03 7.3417721518987e-03 5.3164556962025e-03 4.3037974683544e-03 6.8354430379747e-03 3.7974683544304e-03 3.7974683544304e-03 2.7848101265823e-03 3.5443037974684e-03 2.5569620253165e-02 3.5443037974684e-03 2.7848101265823e-03 7.0886075949367e-03 3.2911392405063e-03 
49 5.8288288288288e-01 5.0450450450451e-03 2.3423423423423e-03 2.8828828828829e-03 1.9279279279279e-02 1.0090090090090e-02 9.0090090090090e-03 5.0450450450450e-03 9.6036036036036e-02 6.8468468468469e-03 1.2792792792793e-02 2.5225225225225e-03 3.0450450450450e-02 3.6036036036036e-03 3.8738738738739e-02 6.0900900900901e-02 6.8468468468469e-03 3.2432432432432e-03 5.7117117117117e-02 2.1621621621622e-03 5.0450450450451e-03 2.3423423423423e-03 1.0810810810811e-02 2.8828828828829e-03 2.1081081081081e-02 
50 5.1376146788991e-03 2.2018348623853e-03 4.4036697247706e-03 9.0825688073394e-02 2.3853211009174e-03 1.0440366972477e-01 8.9908256880734e-03 2.3853211009174e-03 1.9100917431193e-01 2.7522935779816e-03 8.8440366972477e-02 3.1192660550459e-03 2.8256880733945e-02 6.7889908256881e-03 2.9357798165138e-03 2.9357798165138e-03 1.5963302752294e-02 2.1908256880734e-01 2.5688073394495e-03 3.1192660550459e-03 3.8532110091743e-03 2.4036697247706e-02 1.6935779816514e-01 3.8532110091743e-03 1.1192660550459e-02 
51 2.4000000000000e-03 3.8400000000000e-03 1.6960000000000e-01 1.9200000000000e-03 1.0400000000000e-02 9.8400000000000e-02 3.0400000000000e-03 1.7280000000000e-01 4.1120000000000e-02 2.4000000000000e-03 2.4160000000000e-02 2.2400000000000e-03 2.4000000000000e-03 2.4000000000000e-03 1.7600000000000e-02 2.9568000000000e-01 1.6000000000000e-03 1.5360000000000e-02 8.6080000000000e-02 5.6000000000000e-03 1.9200000000000e-03 1.6000000000000e-03 5.6000000000000e-03 5.9200000000000e-03 2.5920000000000e-02 
52 9.4404145077720e-02 9.5025906735751e-02 1.4507772020725e-03 2.5906735751295e-03 6.0103626943005e-03 1.8652849740933e-03 2.9015544041451e-03 4.6632124352332e-03 2.9222797927461e-02 2.7357512953368e-02 2.9015544041451e-03 9.6476683937824e-02 1.1502590673575e-02 4.8601036269430e-02 2.0725388601036e-03 2.4870466321244e-03 1.3129533678756e-01 4.0414507772021e-03 2.0870466321244e-01 1.9689119170984e-03 1.6580310880829e-03 1.7668393782383e-01 2.2797927461140e-03 2.3834196891192e-03 4.1450777202073e-02 
53 1.2066985645933e-01 6.4114832535885e-03 6.4210526315789e-02 2.2966507177034e-03 1.7224880382775e-03 1.0334928229665e-02 1.5885167464115e-02 3.0622009569378e-03 1.0028708133971e-01 2.4880382775120e-03 6.9186602870813e-02 1.9138755980861e-03 1.5531100478469e-01 1.5311004784689e-03 1.1100478468900e-01 5.6076555023923e-02 3.6363636363636e-03 5.5502392344498e-03 2.3770334928230e-01 3.1578947368421e-03 2.2009569377990e-03 1.2631578947368e-02 2.1052631578947e-03 1.2440191387560e-03 9.3779904306220e-03 
54 3.3816425120773e-03 2.1371980676328e-01 5.9903381642512e-03 2.5120772946860e-03 1.8357487922705e-03 1.1623188405797e-01 2.2125603864734e-02 3.4782608695652e-03 1.2560386473430e-03 2.4154589371981e-03 1.2560386473430e-03 1.4492753623188e-03 1.7159420289855e-01 2.7053140096618e-03 1.0144927536232e-02 1.2560386473430e-03 4.3478260869565e-03 6.2801932367150e-03 5.2173913043478e-03 1.0077294685990e-01 5.7004830917875e-03 1.2173913043478e-02 1.6782608695652e-01 1.3391304347826e-01 2.4154589371981e-03 
55 1.2121212121212e-03 2.6406926406926e-02 9.5844155844156e-02 1.3852813852814e-03 1.1255411255411e-03 5.8874458874459e-03 1.7229437229437e-02 1.9047619047619e-03 1.8181818181818e-03 2.4242424242424e-03 1.6181818181818e-01 4.5887445887446e-03 3.1186147186147e-01 1.2987012987013e-03 1.1255411255411e-03 8.6580086580087e-04 1.7575757575758e-02 5.3679653679654e-03 2.7463203463203e-01 1.9047619047619e-03 1.7056277056277e-02 1.3852813852814e-03 3.8095238095238e-03 3.9393939393939e-02 2.0779220779221e-03 
56 4.3835616438356e-03 3.8356164383562e-03 2.7397260273973e-03 3.2876712328767e-03 3.5616438356164e-03 2.0191780821918e-01 3.0136986301370e-03 3.0136986301370e-03 3.2876712328767e-03 4.1095890410959e-03 8.5205479452055e-02 3.5616438356164e-03 2.8493150684931e-02 1.9287671232877e-01 4.3835616438356e-03 7.3972602739726e-03 2.4657534246575e-02 1.2876712328767e-02 4.9315068493151e-03 3.5616438356164e-03 9.0410958904110e-03 3.2356164383562e-01 3.2876712328767e-03 5.2602739726027e-02 1.0410958904110e-02 
57 2.0480000000000e-01 8.9866666666667e-02 1.3048888888889e-01 4.5333333333333e-02 7.3777777777778e-03 1.7777777777778e-03 4.5333333333333e-03 2.8444444444444e-03 1.2444444444444e-02 8.4444444444444e-03 1.6888888888889e-03 5.6000000000000e-03 6.9333333333333e-03 2.6133333333333e-02 3.2000000000000e-03 1.6888888888889e-03 9.3333333333333e-02 1.3777777777778e-02 2.4293333333333e-01 1.2444444444444e-03 9.6888888888888e-03 2.2222222222222e-03 7.7511111111111e-02 4.8000000000000e-03 1.3333333333333e-03 
58 1.5458937198068e-03 1.8164251207729e-02 5.9130434782609e-02 1.3719806763285e-02 2.6647342995169e-01 3.1400966183575e-02 1.8357487922705e-03 1.4782608695652e-02 4.2512077294686e-03 9.2753623188406e-03 1.9323671497585e-03 1.4454106280193e-01 2.3188405797101e-03 3.1787439613527e-02 2.3188405797101e-03 1.9323671497585e-03 1.4405797101449e-01 9.9033816425121e-02 1.5458937198068e-02 1.9323671497585e-03 1.7391304347826e-03 1.2473429951691e-01 1.9323671497585e-03 4.5410628019324e-03 1.1594202898551e-03 
59 2.1481481481481e-02 2.3703703703704e-02 5.1851851851852e-02 7.4074074074074e-03 1.5555555555556e-02 1.7777777777778e-02 3.5851851851852e-01 8.8888888888889e-03 7.4074074074074e-03 6.6666666666667e-02 7.4074074074074e-03 8.1481481481482e-03 1.0370370370370e-02 1.1851851851852e-02 7.4074074074074e-03 7.4074074074074e-03 5.4814814814815e-02 1.6222222222222e-01 1.1111111111111e-02 8.1481481481482e-03 1.0370370370370e-02 3.5555555555556e-02 8.8888888888889e-03 6.9629629629630e-02 7.4074074074074e-03 
60 2.1904761904762e-02 1.3333333333333e-02 3.5238095238095e-02 1.5047619047619e-01 9.5238095238095e-03 2.2857142857143e-02 1.9047619047619e-02 6.6666666666667e-02 7.6190476190476e-02 6.8571428571429e-02 2.1904761904762e-02 1.2380952380952e-02 2.2857142857143e-02 2.4761904761905e-02 9.5238095238095e-03 9.0476190476190e-02 9.5238095238095e-03 2.4761904761905e-02 1.7523809523810e-01 9.5238095238095e-03 1.5238095238095e-02 1.4285714285714e-02 2.7619047619048e-02 3.4285714285714e-02 2.3809523809524e-02 
61 1.3951219512195e-02 2.4292682926829e-02 1.9258536585366e-01 5.4634146341463e-03 1.1804878048780e-02 1.3658536585366e-03 5.4536585365854e-02 1.1804878048780e-02 3.6097560975610e-03 1.7200000000000e-01 2.4390243902439e-03 7.3170731707317e-03 2.5365853658537e-03 4.0878048780488e-02 3.9024390243902e-03 2.5365853658537e-03 1.3804878048780e-01 1.9219512195122e-02 1.2595121951219e-01 2.5365853658537e-03 1.6585365853659e-03 6.8682926829268e-02 8.5853658536585e-02 5.1707317073171e-03 1.8536585365854e-03 
62 1.1173184357542e-03 8.7709497206704e-02 1.2256983240223e-01 2.4581005586592e-03 4.4692737430168e-03 3.2402234636872e-03 1.7877094972067e-03 2.4581005586592e-03 5.4748603351955e-03 1.6759776536313e-03 6.2569832402235e-02 9.8547486033520e-02 2.8983240223464e-01 1.2290502793296e-03 2.4581005586592e-03 6.1229050279330e-02 1.2972067039106e-01 5.3631284916201e-03 1.5307262569832e-02 2.3798882681564e-02 1.4525139664804e-03 2.5698324022346e-03 6.8603351955307e-02 1.6759776536313e-03 2.6815642458101e-03 
63 2.3923444976077e-03 1.3349282296651e-01 3.1291866028708e-02 1.7224880382775e-03 1.7521531100478e-01 2.2009569377990e-03 7.4641148325359e-03 3.0143540669856e-02 5.5311004784689e-02 5.5502392344498e-02 3.5598086124402e-02 1.3397129186603e-03 4.0191387559809e-03 2.4880382775120e-03 1.1483253588517e-03 5.9330143540670e-03 1.0047846889952e-02 1.3550239234450e-01 6.2200956937799e-03 3.9234449760766e-03 3.5406698564593e-02 1.2440191387560e-03 2.3913875598086e-01 9.4736842105263e-03 1.3779904306220e-02 
64 3.1111111111111e-03 1.2746666666667e-01 1.4222222222222e-03 1.7777777777778e-03 8.2044444444444e-02 4.3555555555556e-03 1.1555555555556e-03 5.7600000000000e-02 6.5244444444444e-02 8.6222222222222e-03 1.8800000000000e-01 7.8222222222222e-03 9.6355555555555e-02 3.5555555555556e-03 4.4444444444445e-03 2.6666666666667e-03 1.8044444444444e-02 9.4577777777778e-02 2.1546666666667e-01 1.3333333333333e-03 9.7777777777778e-04 8.8888888888889e-04 3.8222222222222e-03 2.3111111111111e-03 6.9333333333333e-03 
65 2.0915032679739e-03 3.4640522875817e-02 7.3464052287582e-02 1.6339869281046e-02 2.0784313725490e-02 2.3529411764706e-03 3.6601307189543e-03 2.3529411764706e-03 2.0130718954248e-02 2.3450980392157e-01 3.1372549019608e-03 2.4836601307190e-03 2.8758169934641e-03 6.5359477124183e-03 2.4836601307190e-03 4.8366013071895e-03 7.8431372549020e-03 1.1986928104575e-01 1.8549019607843e-01 3.4117647058823e-02 2.6143790849673e-03 9.7124183006536e-02 1.1385620915033e-01 1.9607843137255e-03 4.4444444444444e-03 
66 1.8181818181818e-03 2.6573426573427e-03 5.4545454545455e-03 6.1538461538462e-03 8.3916083916084e-03 6.9076923076923e-01 1.7342657342657e-02 6.0139860139860e-03 3.0629370629371e-02 1.5664335664336e-02 1.9580419580420e-03 7.9720279720280e-03 5.8741258741259e-03 7.5524475524476e-03 3.4965034965035e-03 2.6573426573427e-03 1.4125874125874e-02 1.8881118881119e-02 8.8531468531468e-02 6.9930069930070e-03 2.0979020979021e-03 7.8321678321678e-03 4.3076923076923e-02 2.3776223776224e-03 1.6783216783217e-03 
67 1.9178082191781e-03 1.5917808219178e-01 1.4611872146119e-03 1.5525114155251e-03 3.6164383561644e-02 2.3744292237443e-03 8.8584474885845e-03 1.0173515981735e-01 5.0228310502283e-03 3.9269406392694e-03 9.1872146118721e-02 1.3799086757991e-01 1.3698630136986e-03 1.0319634703196e-02 1.7351598173516e-03 4.4748858447489e-03 1.3059360730594e-01 2.9223744292238e-03 1.9324200913242e-01 1.8264840182648e-03 1.2785388127854e-03 3.9086757990868e-02 4.4292237442922e-02 2.7397260273973e-03 1.4063926940639e-02 
68 2.1052631578947e-03 2.3157894736842e-03 7.6842105263158e-02 1.9536842105263e-01 2.1052631578947e-03 3.3684210526316e-03 4.8421052631579e-03 2.7368421052632e-03 2.7368421052632e-03 3.1578947368421e-03 2.9473684210526e-03 3.0315789473684e-02 3.7894736842105e-03 4.0000000000000e-03 2.5263157894737e-03 2.3157894736842e-03 1.3094736842105e-01 1.1894736842105e-01 6.9473684210527e-03 3.3684210526316e-03 4.6315789473684e-03 7.1578947368421e-03 3.1831578947368e-01 4.2105263157895e-03 6.4000000000000e-02 
69 5.4054054054054e-03 4.1441441441441e-03 2.0612612612613e-01 2.1621621621622e-03 1.4234234234234e-02 3.7837837837838e-03 1.9819819819820e-03 1.8018018018018e-03 1.9819819819820e-03 5.5855855855856e-03 2.8828828828829e-02 2.3423423423423e-03 4.5045045045045e-03 5.1639639639640e-01 2.3423423423423e-03 2.7207207207207e-02 3.7837837837838e-03 1.9819819819820e-03 1.7837837837838e-02 2.1621621621622e-03 2.1801801801802e-02 2.3423423423423e-03 7.3873873873874e-03 1.1153153153153e-01 2.3423423423423e-03 
70 1.7679558011050e-03 2.7348066298343e-01 4.3093922651934e-03 1.3259668508287e-03 3.2044198895028e-03 5.1602209944751e-02 1.7734806629834e-01 1.3701657458564e-02 3.0939226519337e-03 1.4364640883978e-03 1.9889502762431e-03 4.7071823204420e-02 2.5414364640884e-03 1.5469613259669e-03 9.9447513812155e-03 2.7624309392265e-03 1.6574585635359e-02 3.3259668508287e-02 3.4254143646409e-02 3.0939226519337e-03 1.9337016574586e-02 1.5900552486188e-01 1.3182320441989e-01 1.8784530386740e-03 3.6464088397790e-03 
71 1.6117073170732e-01 4.4292682926829e-02 2.1756097560976e-02 1.6585365853659e-03 1.6848780487805e-01 5.1707317073171e-03 1.9512195121951e-03 2.2439024390244e-03 1.3170731707317e-02 2.2439024390244e-03 6.0487804878049e-03 6.0487804878049e-03 1.9629268292683e-01 1.1707317073171e-03 2.9756097560976e-02 8.1951219512195e-03 4.5853658536585e-03 3.2975609756098e-02 2.7004878048781e-01 3.0243902439024e-03 7.3170731707317e-03 1.5609756097561e-03 5.1707317073171e-03 2.2439024390244e-03 3.4146341463415e-03 
72 2.0264317180617e-03 1.2933920704846e-01 2.4669603524229e-03 1.0819383259912e-01 1.8325991189427e-02 2.1145374449339e-03 1.2334801762115e-03 3.4185022026432e-02 6.4757709251101e-02 1.4114537444934e-01 9.8678414096916e-03 5.3832599118943e-02 4.0528634361233e-03 3.5859030837004e-02 1.5859030837004e-03 1.5859030837004e-03 8.8017621145375e-02 1.4977973568282e-03 1.0220264317181e-02 9.2070484581498e-02 6.9074889867841e-02 2.3348017621145e-02 7.0132158590308e-02 1.3215859030837e-03 3.3744493392070e-02 
73 1.6708860759494e-02 7.9493670886076e-02 2.1012658227848e-02 3.9746835443038e-02 8.8607594936709e-03 3.7974683544304e-02 6.5822784810127e-03 2.5316455696203e-02 1.8481012658228e-02 5.8227848101266e-02 6.0759493670886e-03 1.2658227848101e-02 2.7848101265823e-03 4.2784810126582e-02 6.5822784810126e-03 8.8607594936709e-03 3.5443037974684e-03 5.8227848101266e-03 2.4556962025316e-02 2.7848101265823e-03 2.7848101265823e-03 3.2911392405063e-03 3.0379746835443e-03 5.5240506329114e-01 9.6202531645569e-03 
74 4.1307189542484e-02 5.3594771241830e-03 1.4379084967320e-03 9.9346405228758e-03 1.2248366013072e-01 1.3071895424837e-03 2.0915032679739e-03 1.9607843137255e-03 7.0588235294118e-03 1.8052287581699e-01 3.9215686274510e-03 1.4379084967320e-03 5.4901960784314e-03 1.0143790849673e-01 1.3464052287582e-02 1.9607843137255e-03 4.4836601307190e-02 6.6666666666667e-03 1.3856209150327e-02 1.4379084967320e-03 2.6143790849673e-03 2.1973856209150e-01 1.7908496732026e-02 4.1830065359477e-03 1.8758169934641e-01 
75 1.5338345864662e-02 5.3984962406015e-02 8.1954887218045e-02 1.8045112781955e-03 8.1052631578947e-02 1.7894736842105e-02 2.4060150375940e-03 6.5112781954887e-02 1.3383458646617e-02 2.2406015037594e-02 3.4586466165413e-03 2.2796992481203e-01 2.2556390977444e-03 6.4661654135338e-03 6.1654135338346e-03 4.0601503759398e-03 2.4210526315789e-02 2.1278195488722e-01 2.8571428571428e-03 1.4436090225564e-02 3.6090225563910e-03 8.8721804511278e-03 6.7518796992481e-02 1.8045112781955e-03 5.8195488721805e-02 
76 7.1920529801324e-02 1.8715231788079e-01 3.0463576158940e-03 6.8874172185430e-03 3.3774834437086e-02 3.0993377483444e-02 8.3046357615894e-02 3.0463576158940e-03 1.6953642384106e-01 2.9139072847682e-03 4.9006622516556e-02 5.4304635761589e-03 9.8013245033112e-03 4.3708609271523e-03 2.1192052980132e-03 6.8874172185430e-03 3.0463576158940e-03 2.9139072847682e-03 1.5894039735099e-03 1.3801324503311e-01 1.4569536423841e-03 3.4437086092715e-03 1.8013245033113e-02 5.2980132450331e-03 1.5629139072848e-01 
77 3.3846153846154e-03 3.6923076923077e-03 5.8461538461539e-03 1.7846153846154e-02 7.3846153846154e-03 1.0461538461538e-02 4.0000000000000e-03 6.4615384615385e-03 3.0769230769231e-03 4.0000000000000e-03 1.4153846153846e-02 3.6923076923077e-03 2.3907692307692e-01 5.8461538461538e-02 7.6923076923077e-03 3.9630769230769e-01 1.3846153846154e-02 3.0769230769231e-03 1.2000000000000e-02 3.6923076923077e-03 3.6923076923077e-03 4.3076923076923e-03 1.0461538461538e-02 7.3846153846154e-03 1.5600000000000e-01 
78 2.6507177033493e-01 5.3779904306220e-02 2.1732057416268e-01 5.9330143540670e-03 7.0526315789474e-02 1.3397129186603e-03 1.4354066985646e-03 7.0813397129187e-03 3.3492822966507e-03 9.5693779904306e-03 2.9665071770335e-03 3.2344497607656e-02 1.3875598086124e-02 9.5693779904306e-04 2.5837320574163e-03 1.0143540669856e-02 1.5215311004785e-02 9.9521531100478e-03 1.1148325358852e-01 7.3684210526316e-02 2.2966507177034e-03 1.5693779904306e-02 5.3588516746412e-03 6.5358851674641e-02 2.6794258373206e-03 
