0 2.4717703349282e-01 1.1961722488038e-02 4.0191387559809e-03 1.9138755980861e-03 3.4449760765550e-03 6.4114832535885e-03 3.5119617224880e-02 6.6602870813397e-02 3.7320574162679e-03 3.0622009569378e-03 2.9665071770335e-03 1.5980861244019e-02 1.6076555023923e-02 5.5406698564593e-02 4.9665071770335e-02 8.3253588516746e-03 2.4880382775120e-03 5.0717703349282e-03 2.9665071770335e-03 6.5071770334928e-03 1.5885167464115e-02 4.8803827751196e-03 2.2009569377990e-03 1.8181818181818e-03 4.2631578947368e-01 
1 1.1695906432749e-03 2.6900584795322e-03 1.4035087719298e-03 2.1052631578947e-03 1.1695906432749e-03 1.7543859649123e-03 5.6783625730994e-01 2.2222222222222e-03 1.2865497076023e-03 1.1695906432749e-03 1.8713450292398e-03 1.2865497076023e-03 1.2865497076023e-03 1.7543859649123e-03 1.2163742690058e-02 1.2865497076023e-03 2.1052631578947e-03 3.5087719298246e-03 1.9883040935672e-03 2.9239766081871e-03 1.7543859649123e-03 1.1824561403509e-01 1.4035087719298e-03 1.1695906432749e-03 2.6444444444444e-01 
2 5.0793650793651e-03 3.4920634920635e-03 3.1746031746032e-03 4.4444444444444e-03 3.4920634920635e-03 5.0793650793651e-03 5.7142857142857e-03 4.1269841269841e-03 3.4920634920635e-03 3.1746031746032e-03 3.4920634920635e-03 1.4285714285714e-02 3.1746031746032e-03 5.7142857142857e-03 1.6031746031746e-01 3.1746031746032e-03 1.0476190476190e-02 5.7142857142857e-03 5.0793650793651e-03 4.1269841269841e-03 4.7619047619048e-03 3.1746031746032e-03 2.7714285714286e-01 6.9841269841270e-03 4.5111111111111e-01 
3 8.3105022831050e-03 1.4885844748858e-02 5.4794520547945e-03 4.3561643835616e-02 1.6438356164384e-03 2.8310502283105e-03 4.2922374429224e-03 3.3789954337900e-03 2.1917808219178e-03 5.9543378995434e-02 3.0136986301370e-03 2.3287671232877e-02 5.3881278538813e-03 2.2831050228310e-03 6.3013698630137e-03 4.1643835616438e-02 1.4611872146119e-03 6.1187214611872e-03 3.2876712328767e-03 4.8401826484018e-03 3.8356164383562e-03 6.9497716894977e-02 2.6484018264840e-03 2.4657534246575e-03 6.7780821917808e-01 
4 2.2900763358779e-03 1.8320610687023e-03 2.1374045801527e-03 3.0534351145038e-03 1.9847328244275e-03 1.5267175572519e-03 1.9847328244275e-03 2.4427480916030e-03 6.4122137404580e-03 1.6793893129771e-03 2.1374045801527e-03 1.9847328244275e-03 2.1374045801527e-03 9.9847328244275e-02 7.7862595419847e-03 1.0839694656489e-02 3.2473282442748e-01 1.8320610687023e-03 3.5114503816794e-03 2.7480916030534e-03 1.5267175572519e-03 1.5267175572519e-03 4.4274809160305e-03 4.4274809160305e-03 5.0519083969466e-01 
5 4.9068825910931e-02 1.1983805668016e-02 2.8340080971660e-03 2.9149797570850e-03 5.1821862348178e-03 1.2469635627530e-02 8.6639676113360e-02 3.9676113360324e-03 1.5384615384615e-03 5.8299595141700e-03 4.9392712550607e-03 1.2469635627530e-02 6.8825910931174e-03 4.7773279352227e-03 1.7813765182186e-03 4.4210526315790e-02 1.3765182186235e-03 2.9149797570850e-03 2.5587044534413e-02 3.1578947368421e-03 1.8639676113360e-01 4.0485829959514e-03 1.7813765182186e-03 2.5910931174089e-03 5.1465587044534e-01 
6 2.3834196891192e-03 2.0103626943005e-02 9.8031088082902e-02 7.5440414507772e-02 2.0725388601036e-03 1.3409326424870e-01 2.7979274611399e-03 3.3575129533679e-02 2.1968911917099e-02 3.5336787564767e-02 2.1865284974093e-02 3.7305699481865e-03 2.4870466321244e-03 9.9481865284974e-03 7.7720207253886e-03 7.6683937823834e-03 5.0777202072539e-03 4.4559585492228e-03 1.4507772020725e-03 2.3834196891192e-03 1.8652849740933e-03 3.6269430051813e-03 7.9792746113990e-03 6.8393782383420e-03 4.8704663212435e-01 
7 2.2900763358779e-03 2.1374045801527e-03 2.2900763358779e-03 1.6793893129771e-03 1.9847328244275e-03 1.8320610687023e-03 2.4885496183206e-02 2.1374045801527e-03 2.7480916030534e-03 3.6641221374046e-03 2.4427480916030e-03 5.9541984732825e-03 2.1374045801527e-03 3.6641221374046e-03 3.2061068702290e-03 1.9282442748092e-01 3.1908396946565e-02 6.1984732824427e-02 1.6793893129771e-03 3.6488549618321e-02 8.2442748091603e-03 7.0229007633588e-03 1.6793893129771e-03 1.5267175572519e-03 5.9358778625954e-01 
8 1.5525114155251e-03 1.4611872146119e-03 4.6575342465753e-03 6.8493150684931e-03 1.6438356164384e-03 1.6821917808219e-01 2.4657534246575e-03 3.5616438356164e-03 1.4611872146119e-02 9.4063926940639e-03 1.4885844748858e-02 1.1232876712329e-02 4.7488584474886e-03 2.6484018264840e-03 2.8310502283105e-03 6.5753424657534e-03 2.4657534246575e-03 1.3698630136986e-03 5.2054794520548e-03 2.0091324200913e-03 1.5086757990868e-01 2.2831050228311e-03 2.1917808219178e-03 1.6438356164384e-03 5.7461187214612e-01 
9 2.5116279069767e-03 1.2093023255814e-03 1.2093023255814e-03 2.6976744186046e-03 1.7674418604651e-03 2.4186046511628e-03 2.8093023255814e-02 3.1627906976744e-03 1.3953488372093e-03 1.5813953488372e-03 1.0697674418605e-02 1.3023255813953e-03 9.1162790697675e-03 4.3720930232558e-03 6.2325581395349e-03 2.9209302325581e-02 3.2558139534884e-03 1.4883720930233e-03 1.2093023255814e-03 3.2558139534884e-03 1.8297674418605e-01 5.7674418604651e-03 2.0465116279070e-03 1.0232558139535e-03 6.9200000000000e-01 
10 1.8025751072961e-03 7.9828326180258e-03 5.1502145922747e-03 7.7253218884120e-03 2.2446351931330e-01 7.1244635193133e-03 1.2017167381974e-03 1.9742489270386e-03 1.2875536480687e-03 1.2618025751073e-02 1.8025751072961e-03 1.4592274678112e-03 2.1811158798283e-01 2.3175965665236e-03 2.3175965665236e-03 6.0085836909871e-03 1.3733905579399e-03 2.7467811158798e-03 1.5450643776824e-03 3.2618025751073e-03 3.3304721030043e-02 8.2403433476395e-03 1.3733905579399e-03 1.3733905579399e-03 4.4343347639485e-01 
11 2.0095693779904e-03 3.6363636363636e-03 4.8803827751196e-03 3.4449760765550e-03 2.3923444976077e-03 3.6363636363636e-03 3.2535885167464e-03 2.3923444976077e-03 1.7224880382775e-03 3.5598086124402e-02 2.1052631578947e-03 1.8181818181818e-03 3.1578947368421e-03 2.2296650717703e-02 1.4258373205742e-02 9.1961722488038e-02 4.1148325358852e-03 1.8181818181818e-03 2.2966507177034e-03 2.6794258373206e-03 1.3330143540670e-01 4.1148325358852e-03 2.6794258373206e-03 1.8181818181818e-03 6.4861244019139e-01 
12 7.0813397129187e-03 7.3684210526316e-03 1.5799043062201e-01 9.5598086124402e-02 3.0622009569378e-03 7.2631578947368e-02 1.6267942583732e-03 1.0526315789474e-03 1.2440191387560e-03 5.7416267942584e-03 2.5837320574163e-03 1.1483253588517e-03 2.7846889952153e-02 1.1483253588517e-03 2.8708133971292e-03 5.5502392344498e-03 2.3923444976077e-03 2.0095693779904e-03 1.6267942583732e-03 2.0095693779904e-03 2.8708133971292e-03 2.9665071770335e-03 2.4880382775120e-03 1.4066985645933e-02 5.7502392344498e-01 
13 2.1621621621622e-03 2.3423423423423e-03 2.3423423423423e-03 7.9279279279279e-03 1.8018018018018e-03 1.9819819819820e-03 2.1621621621622e-03 2.5225225225225e-03 5.9459459459460e-03 1.8018018018018e-03 7.9279279279279e-03 1.9981981981982e-01 2.3423423423423e-03 2.5225225225225e-03 2.5225225225225e-03 1.2018018018018e-01 2.8828828828829e-03 3.9639639639640e-03 5.1891891891892e-02 4.6846846846847e-03 2.8828828828829e-03 4.6486486486486e-02 1.9819819819820e-03 2.1621621621622e-03 5.1675675675676e-01 
14 1.3757847533632e-01 2.5112107623318e-03 1.3811659192825e-02 1.5246636771300e-03 1.7040358744395e-03 8.7354260089686e-02 3.5874439461883e-03 9.0044843049327e-02 1.4349775784753e-03 1.1659192825112e-03 9.3273542600897e-03 1.0672645739910e-02 5.1121076233184e-03 1.1659192825112e-03 1.0762331838565e-03 1.9730941704036e-03 4.1255605381166e-03 3.9461883408072e-03 4.8430493273542e-03 1.3452914798206e-03 4.9327354260090e-02 1.8834080717489e-03 1.8834080717489e-03 1.6681614349776e-02 5.4591928251121e-01 
15 2.0202020202020e-03 2.0202020202020e-03 2.0202020202020e-03 2.0202020202020e-03 2.0202020202020e-03 2.0202020202020e-03 7.5777777777778e-01 4.6464646464646e-03 2.2222222222222e-03 3.0303030303030e-03 3.0303030303030e-03 2.0202020202020e-03 2.0202020202020e-03 4.6464646464646e-03 3.0303030303030e-03 7.2727272727273e-03 8.6868686868687e-03 2.1212121212121e-02 2.4242424242424e-03 7.1515151515151e-02 2.4242424242424e-03 2.1212121212121e-02 2.2222222222222e-03 1.2323232323232e-02 5.6161616161616e-02 
16 1.6753926701571e-03 1.3926701570681e-02 1.6753926701571e-03 1.7905759162304e-02 2.6178010471204e-03 1.7801047120419e-03 4.2931937172775e-03 1.7801047120419e-03 1.8848167539267e-03 1.1518324607330e-03 3.0366492146597e-02 2.0942408376963e-03 1.5706806282722e-03 2.3036649214660e-03 1.5706806282722e-03 2.5863874345550e-02 4.5026178010471e-03 1.2565445026178e-03 1.7801047120419e-03 1.8324607329843e-02 3.0366492146597e-03 3.2670157068063e-02 1.0471204188482e-03 1.2460732984293e-02 8.1246073298429e-01 
17 3.2258064516129e-03 2.3655913978495e-03 2.7956989247312e-03 3.6559139784946e-03 2.1505376344086e-03 2.5806451612903e-03 5.3763440860215e-03 1.3978494623656e-02 2.5806451612903e-03 2.3655913978495e-03 2.5806451612903e-03 2.1505376344086e-03 2.3655913978495e-03 7.0967741935484e-03 4.0000000000000e-02 7.3548387096774e-02 2.8064516129032e-01 2.3655913978495e-03 3.6559139784946e-03 2.3655913978495e-03 2.5806451612903e-03 3.8709677419355e-03 7.9569892473118e-03 4.3010752688172e-03 5.2344086021505e-01 
18 3.1718061674009e-03 9.3920704845815e-02 6.4317180616740e-03 5.9911894273128e-03 6.4317180616740e-03 2.9074889867841e-03 1.0220264317181e-02 1.0044052863436e-02 3.5242290748899e-03 1.7621145374449e-03 1.9030837004405e-02 1.1453744493392e-03 8.6343612334802e-03 1.0044052863436e-02 4.8458149779736e-03 2.8193832599119e-03 2.8193832599119e-03 4.2731277533040e-02 5.0220264317181e-03 2.1145374449339e-03 7.1189427312775e-02 2.3788546255507e-03 1.2334801762115e-03 6.8722466960352e-03 6.7471365638767e-01 
19 1.1976047904192e-03 1.3173652694611e-03 2.8742514970060e-03 2.8742514970060e-03 4.1916167664671e-03 2.9940119760479e-03 3.2934131736527e-02 4.3113772455090e-03 3.4730538922156e-03 1.3173652694611e-03 3.4730538922156e-03 7.0658682634731e-03 1.4371257485030e-03 3.3233532934132e-01 3.5928143712575e-03 7.4251497005988e-03 2.0359281437126e-03 2.6347305389222e-03 1.3173652694611e-03 1.3173652694611e-03 1.5568862275449e-03 1.3173652694611e-03 2.2646706586826e-01 2.1556886227545e-03 3.4838323353293e-01 
20 1.5400966183575e-01 1.0000000000000e-01 1.0347826086957e-01 3.8647342995169e-03 1.4589371980676e-02 4.4444444444444e-03 2.7053140096618e-03 6.3768115942029e-03 4.7536231884058e-02 2.2222222222222e-03 1.7874396135266e-02 9.1787439613527e-03 8.5024154589372e-03 2.8985507246377e-03 4.6376811594203e-03 1.9323671497585e-03 3.8647342995169e-03 1.0628019323671e-03 3.5942028985507e-02 2.0289855072464e-03 1.6425120772947e-03 5.9903381642512e-03 2.4154589371981e-03 6.0193236714976e-02 4.0260869565217e-01 
21 2.3931623931624e-03 1.8803418803419e-03 2.2222222222222e-03 9.7435897435898e-03 2.7350427350427e-03 4.1025641025641e-03 4.6153846153846e-03 8.2051282051282e-03 1.8803418803419e-03 3.5897435897436e-03 5.1282051282051e-03 2.9059829059829e-03 2.5641025641026e-03 6.9572649572650e-02 7.0085470085470e-03 5.2991452991453e-03 6.1538461538461e-03 3.9316239316239e-03 7.7777777777778e-02 2.3931623931624e-03 2.9059829059829e-03 2.5128205128205e-02 4.0666666666667e-01 4.1025641025641e-03 3.3709401709402e-01 
22 5.5696202531646e-03 2.5316455696203e-03 2.7848101265823e-03 3.2911392405063e-03 3.2911392405063e-03 3.2911392405063e-03 4.5569620253165e-03 1.1392405063291e-02 1.0126582278481e-02 3.7974683544304e-03 3.7974683544304e-03 4.5569620253165e-03 2.7848101265823e-03 2.7848101265823e-03 3.0379746835443e-03 4.5569620253165e-03 9.6202531645569e-03 1.1139240506329e-02 3.9670886075949e-01 7.0886075949367e-03 2.7848101265823e-03 2.8354430379747e-02 3.0379746835443e-03 3.0379746835443e-03 4.6607594936709e-01 
23 2.8571428571429e-03 1.9428571428571e-03 1.1428571428571e-03 1.1428571428571e-03 1.7142857142857e-03 3.0857142857143e-03 4.0685714285714e-02 1.2571428571429e-03 1.3714285714286e-03 1.9200000000000e-02 1.3714285714286e-03 1.1428571428571e-03 1.3714285714286e-03 5.3714285714286e-03 1.1085714285714e-02 1.1428571428571e-03 1.2571428571429e-03 1.8137142857143e-01 9.6000000000000e-03 3.5428571428571e-03 1.3714285714286e-03 1.2182857142857e-01 1.8411428571429e-01 1.1428571428571e-03 3.9988571428571e-01 
24 1.1555555555556e-03 5.1555555555556e-03 3.3777777777778e-03 1.2462222222222e-01 6.0800000000000e-02 1.4400000000000e-02 1.6888888888889e-03 4.8888888888889e-03 1.9555555555556e-03 8.2666666666667e-03 1.1555555555556e-03 2.8444444444444e-03 4.9333333333333e-02 2.6666666666667e-03 3.9111111111111e-03 3.1111111111111e-03 7.4666666666667e-03 4.1777777777778e-03 1.4222222222222e-03 1.7777777777778e-03 2.2844444444444e-02 1.9822222222222e-02 5.8666666666667e-03 1.1706666666667e-01 5.3022222222222e-01 
25 1.0684931506849e-02 2.7397260273973e-03 3.5616438356164e-03 4.9315068493151e-03 2.7397260273973e-03 2.7397260273973e-03 5.7534246575343e-03 3.5616438356164e-03 3.8356164383562e-03 3.2876712328767e-03 4.1095890410959e-03 3.2876712328767e-03 5.4794520547945e-03 5.7534246575343e-03 2.7397260273973e-03 4.1095890410959e-03 2.7397260273973e-03 3.2602739726027e-01 3.1780821917808e-02 2.7397260273973e-03 3.2876712328767e-03 5.2054794520548e-03 1.0136986301370e-02 5.7534246575343e-03 5.4301369863014e-01 
26 7.0697674418605e-03 1.4883720930233e-03 1.8046511627907e-02 8.2883720930233e-02 2.0465116279070e-03 5.3953488372093e-03 1.3023255813953e-03 8.3255813953488e-02 1.8158139534884e-01 1.1162790697674e-03 5.3023255813953e-03 3.5348837209302e-03 2.6046511627907e-03 1.2558139534884e-02 2.7720930232558e-02 1.5813953488372e-03 2.0465116279070e-03 1.6744186046512e-03 7.9069767441860e-03 1.5813953488372e-03 3.3488372093023e-03 1.2093023255814e-03 2.7162790697674e-02 1.3023255813953e-02 5.0455813953488e-01 
27 2.8985507246377e-03 6.6666666666667e-03 4.9275362318841e-03 3.7681159420290e-03 2.8985507246377e-03 9.2753623188406e-03 5.0434782608696e-01 8.1159420289855e-03 2.8985507246377e-03 2.8985507246377e-03 2.8985507246377e-03 4.6376811594203e-03 2.8985507246377e-03 3.1884057971015e-03 3.7681159420290e-03 3.1884057971015e-03 3.4782608695652e-03 2.8985507246377e-03 4.0579710144928e-03 3.4782608695652e-03 3.1884057971015e-03 7.7681159420290e-02 3.4782608695652e-03 2.8985507246377e-03 3.2956521739130e-01 
28 2.1238938053097e-03 3.0088495575221e-03 1.9469026548673e-03 6.1946902654867e-03 1.7699115044248e-03 2.1238938053097e-03 2.1150442477876e-01 1.9469026548673e-03 1.7699115044248e-03 2.1238938053097e-03 2.1238938053097e-03 3.3628318584071e-03 2.6548672566372e-03 2.1238938053097e-03 2.1238938053097e-03 1.7168141592920e-02 4.0707964601770e-03 1.9469026548673e-03 3.8938053097345e-03 1.2035398230088e-01 4.0707964601770e-03 1.4831858407080e-01 2.4778761061947e-03 2.3008849557522e-03 4.4849557522124e-01 
29 1.6260162601626e-03 3.2520325203252e-03 2.2764227642276e-03 1.7886178861789e-03 5.5284552845529e-03 3.9024390243902e-03 4.7154471544715e-03 7.4796747967480e-03 2.6178861788618e-02 3.5772357723577e-03 2.2764227642276e-03 2.1138211382114e-03 2.7642276422764e-03 7.4796747967480e-03 2.6829268292683e-02 8.4065040650407e-02 4.6666666666667e-02 8.4227642276423e-02 2.0487804878049e-02 2.9430894308943e-02 1.6260162601626e-03 8.4552845528455e-03 1.3008130081301e-02 2.0487804878049e-02 5.8975609756098e-01 
30 3.3766233766234e-03 3.1168831168831e-03 2.5974025974026e-03 3.3766233766234e-03 3.3766233766234e-03 3.1168831168831e-03 1.0597402597403e-01 2.5974025974026e-03 3.3766233766234e-03 3.1168831168831e-03 4.6753246753247e-03 3.1168831168831e-03 2.5974025974026e-03 2.8571428571429e-03 5.4545454545454e-03 8.8311688311688e-03 5.9740259740260e-03 3.1168831168831e-03 9.3506493506493e-03 1.5324675324675e-01 2.5974025974026e-03 2.0233766233766e-01 3.8961038961039e-03 3.1168831168831e-03 4.5480519480520e-01 
31 3.1413612565445e-03 2.0942408376963e-03 1.9895287958115e-03 8.6073298429319e-02 2.7225130890052e-03 9.0994764397906e-02 3.8743455497382e-03 3.6649214659686e-03 5.2356020942408e-03 3.5602094240838e-03 9.4240837696335e-03 9.6335078534032e-03 3.4554973821990e-03 5.3403141361257e-03 4.6073298429319e-03 7.0157068062827e-03 2.8272251308901e-03 8.3769633507854e-03 1.7801047120419e-03 2.0942408376963e-03 4.1884816753927e-03 4.8167539267016e-03 1.5706806282722e-03 1.1036649214660e-01 6.2115183246073e-01 
32 3.7777777777778e-02 1.5132275132275e-02 4.8677248677249e-03 2.4126984126984e-02 5.6084656084656e-03 2.0634920634921e-02 6.8783068783069e-03 3.5978835978836e-03 3.0793650793651e-02 1.6931216931217e-03 8.2539682539683e-03 7.6825396825397e-02 7.8306878306878e-03 2.0105820105820e-03 5.9259259259259e-03 4.1269841269841e-03 3.8095238095238e-03 4.6560846560847e-03 8.6772486772487e-03 4.4444444444444e-03 3.8095238095238e-03 1.0793650793651e-02 2.4338624338624e-03 1.5957671957672e-01 5.4571428571429e-01 
33 3.5616438356164e-03 3.5616438356164e-03 4.9315068493151e-03 3.2876712328767e-03 4.1095890410959e-03 2.9315068493151e-02 1.4520547945205e-02 3.5616438356164e-03 9.8630136986301e-03 8.2191780821918e-03 3.0136986301370e-03 3.0958904109589e-02 3.0136986301370e-03 1.7260273972603e-02 7.3972602739726e-03 4.1095890410959e-03 3.5616438356164e-03 2.7397260273973e-02 2.9863013698630e-02 4.9315068493151e-03 3.8356164383562e-03 7.9452054794521e-03 3.6027397260274e-01 1.4246575342466e-02 3.9726027397260e-01 
34 2.2400000000000e-03 2.7200000000000e-03 1.9200000000000e-03 4.6400000000000e-03 2.8800000000000e-03 2.0800000000000e-03 4.0000000000000e-03 2.4000000000000e-03 1.9200000000000e-03 1.7600000000000e-03 2.5600000000000e-03 2.7200000000000e-03 4.0000000000000e-03 1.2160000000000e-02 3.0400000000000e-03 1.9200000000000e-03 3.2544000000000e-01 2.0656000000000e-01 2.0800000000000e-03 1.7600000000000e-03 2.0800000000000e-03 2.0800000000000e-03 1.9200000000000e-03 5.2800000000000e-03 3.9984000000000e-01 
35 1.2290502793296e-02 1.0469273743017e-01 2.9050279329609e-03 8.9385474860335e-03 2.9050279329609e-03 1.8994413407821e-03 4.8044692737430e-03 3.2402234636872e-03 1.8994413407821e-03 2.4581005586592e-03 5.4525139664804e-02 3.5754189944134e-03 3.2402234636872e-03 2.1229050279330e-03 5.6983240223464e-03 1.0502793296089e-02 2.0111731843575e-03 3.6871508379888e-03 5.3631284916201e-03 2.4581005586592e-03 1.5418994413408e-02 3.2402234636872e-03 4.5810055865922e-03 9.9441340782122e-03 7.2759776536313e-01 
36 2.3529411764706e-03 1.1764705882353e-03 1.7112299465241e-03 2.4598930481283e-03 1.2834224598930e-03 1.7112299465241e-03 6.4171122994652e-03 2.4598930481283e-03 2.8877005347594e-03 1.3903743315508e-03 6.8449197860963e-03 1.7112299465241e-03 6.8449197860963e-03 2.1390374331551e-03 1.9251336898396e-03 1.8235294117647e-01 1.6042780748663e-03 2.6951871657754e-02 2.0320855614973e-03 4.4919786096257e-02 6.6310160427807e-03 3.2085561497326e-02 1.3903743315508e-03 3.3155080213904e-03 6.5540106951872e-01 
37 6.5365853658537e-03 2.2048780487805e-02 1.8536585365854e-03 2.3414634146341e-03 1.9512195121951e-03 1.9512195121951e-03 6.0780487804878e-02 6.1463414634146e-03 3.5121951219512e-03 1.1317073170732e-02 8.0975609756098e-03 7.1219512195122e-03 6.0487804878049e-03 2.1463414634146e-03 9.5609756097561e-03 4.6243902439024e-02 2.5365853658537e-03 1.3658536585366e-03 4.3902439024390e-03 1.5014634146341e-01 3.9804878048780e-02 8.2926829268293e-03 5.7560975609756e-03 6.4390243902439e-03 5.8360975609756e-01 
38 3.5051546391753e-03 3.9175257731959e-03 3.7113402061856e-03 4.9484536082474e-03 2.5360824742268e-02 2.4742268041237e-03 6.1855670103093e-03 6.1855670103093e-03 5.3608247422680e-03 5.7731958762887e-03 2.4742268041237e-03 3.5051546391753e-03 2.4742268041237e-03 8.6597938144330e-03 1.6907216494845e-02 1.9917525773196e-01 4.9484536082474e-03 4.7422680412371e-03 3.5051546391753e-03 1.0432989690722e-01 2.0618556701031e-03 3.0927835051546e-03 7.8350515463917e-03 2.2680412371134e-03 5.6659793814433e-01 
39 1.7297297297297e-03 5.5135135135135e-03 1.1891891891892e-03 3.3513513513514e-03 2.9189189189189e-03 5.9459459459459e-03 1.5135135135135e-03 2.0216216216216e-02 1.1048648648649e-01 2.3783783783784e-03 2.3783783783784e-03 1.6216216216216e-03 4.2378378378378e-02 4.8648648648649e-03 2.9189189189189e-03 4.6486486486487e-03 5.8378378378378e-03 1.2972972972973e-03 2.1621621621622e-03 5.0810810810811e-03 5.1891891891892e-03 1.2972972972973e-03 1.0810810810811e-03 6.4108108108108e-02 6.9989189189189e-01 
40 1.9027237354086e-01 1.4007782101167e-03 1.1673151750973e-03 9.3385214007782e-04 1.8677042801556e-03 3.4241245136187e-03 1.6342412451362e-03 1.0116731517510e-03 7.5953307392996e-02 1.7898832684825e-03 9.0428015564202e-02 5.9922178988327e-03 1.4785992217899e-03 1.8677042801556e-03 3.5797665369650e-03 1.8677042801556e-03 6.2256809338522e-03 1.2451361867704e-03 4.4124513618677e-02 3.7354085603113e-03 2.5758754863813e-02 1.4007782101167e-03 2.2568093385214e-03 3.5797665369650e-03 5.2700389105058e-01 
41 1.2863436123348e-02 9.9559471365639e-03 1.6211453744493e-02 3.2599118942731e-03 3.3480176211454e-03 3.3480176211454e-03 9.7797356828194e-03 4.4052863436123e-03 4.4933920704846e-03 2.3788546255507e-03 5.9030837004405e-03 2.3788546255507e-03 1.5859030837004e-03 2.8193832599119e-03 4.4052863436123e-03 1.0132158590308e-02 7.2246696035242e-03 1.9118942731278e-02 1.7621145374449e-03 4.7400881057269e-02 7.1365638766520e-03 2.3964757709251e-02 2.2026431718062e-03 5.0220264317181e-02 7.4370044052863e-01 
42 3.7288135593220e-03 4.7457627118644e-03 3.7288135593220e-03 3.7288135593220e-03 3.3898305084746e-03 4.0677966101695e-03 4.4067796610169e-03 3.7288135593220e-03 3.3898305084746e-03 6.7796610169492e-03 3.7288135593220e-03 5.4237288135593e-03 3.3898305084746e-03 8.4745762711864e-03 5.0847457627119e-03 1.7796610169492e-01 4.4067796610169e-03 4.4067796610169e-03 6.1016949152542e-03 4.0677966101695e-03 3.3898305084746e-03 1.4779661016949e-01 3.7288135593220e-03 6.1016949152542e-03 5.7423728813559e-01 
43 2.9383886255924e-03 2.7488151658768e-03 1.0445497630332e-01 1.1184834123223e-02 1.4028436018957e-02 9.6303317535545e-02 2.0853080568720e-03 2.1421800947867e-02 6.3507109004739e-02 1.5450236966825e-02 2.2748815165877e-02 6.9194312796209e-03 3.6966824644550e-03 4.6161137440758e-02 2.3696682464455e-03 4.2654028436019e-03 2.0853080568720e-03 1.4218009478673e-03 9.8578199052133e-03 1.8009478672986e-03 1.7061611374408e-03 2.5592417061611e-03 1.6113744075829e-03 1.1374407582938e-02 5.4729857819905e-01 
44 2.2018348623853e-03 2.0183486238532e-03 5.3211009174312e-03 2.5688073394495e-03 2.3853211009174e-03 3.3027522935780e-03 5.8715596330275e-03 2.3853211009174e-03 2.0183486238532e-03 7.3394495412844e-03 2.0183486238532e-03 2.9357798165138e-03 2.2018348623853e-03 5.1376146788991e-03 5.1376146788991e-03 7.7247706422018e-02 1.8899082568807e-02 4.4036697247706e-03 3.1192660550459e-02 6.4403669724771e-02 2.0183486238532e-03 1.6513761467890e-02 3.3027522935780e-03 3.4862385321101e-03 7.2568807339450e-01 
45 8.0597014925373e-03 4.1791044776119e-03 1.0736318407960e-01 5.2736318407960e-02 3.1840796019901e-03 1.8905472636816e-03 2.1691542288557e-02 3.3830845771144e-03 2.2686567164179e-02 5.6915422885572e-02 3.1243781094527e-02 2.2885572139303e-03 8.0497512437811e-02 2.7164179104478e-02 2.1890547263682e-03 3.9601990049751e-02 5.0746268656716e-03 1.6915422885572e-03 4.3781094527363e-03 4.5771144278607e-03 2.4875621890547e-03 5.8706467661691e-03 1.9900497512438e-03 3.8805970149254e-03 5.0497512437811e-01 
46 1.7877094972067e-03 6.5921787709497e-03 5.0279329608939e-03 7.7877094972067e-02 6.9273743016760e-03 1.1195530726257e-01 9.1620111731844e-03 5.1396648044693e-03 1.6759776536313e-03 2.4581005586592e-02 5.6983240223464e-03 1.0502793296089e-02 5.6983240223464e-03 2.1229050279330e-03 2.1229050279330e-03 1.5083798882682e-02 2.4581005586592e-03 6.2569832402235e-03 2.4581005586592e-03 1.7877094972067e-03 1.2156424581006e-01 7.3743016759777e-03 3.3519553072626e-03 3.3519553072626e-03 5.5944134078212e-01 
47 8.0193236714976e-03 3.9613526570048e-03 1.9130434782609e-02 4.5410628019324e-03 2.0676328502415e-02 2.7922705314010e-02 2.8019323671498e-03 2.8019323671498e-03 1.9787439613527e-01 1.4492753623188e-03 6.6666666666667e-03 1.8550724637681e-02 1.2077294685990e-02 8.4057971014493e-03 3.9806763285024e-02 5.9903381642512e-03 5.7971014492754e-03 1.9323671497585e-03 8.5024154589372e-03 1.9323671497585e-03 3.7681159420290e-03 2.0289855072464e-03 3.9613526570048e-03 2.8985507246377e-03 5.8850241545894e-01 
48 2.5316455696203e-03 4.0506329113924e-03 2.0000000000000e-02 2.7848101265823e-03 8.8607594936709e-03 9.6202531645569e-03 2.5721518987342e-01 2.7848101265823e-03 3.2911392405063e-03 3.2911392405063e-03 3.7974683544304e-03 3.2911392405063e-03 6.3291139240506e-03 2.5316455696203e-03 2.7848101265823e-03 2.5316455696203e-03 2.5316455696203e-03 5.8227848101266e-03 1.1392405063291e-02 2.7848101265823e-03 3.7974683544304e-03 3.7974683544304e-03 2.9367088607595e-02 2.5316455696203e-03 6.0227848101266e-01 
49 4.3243243243243e-03 2.3423423423423e-03 1.9819819819820e-03 1.9819819819820e-03 1.9819819819820e-03 1.3153153153153e-02 2.1621621621622e-03 1.9819819819820e-03 1.9819819819820e-03 8.6486486486486e-03 1.8018018018018e-03 1.9819819819820e-03 2.3423423423423e-03 1.9819819819820e-03 3.7837837837838e-03 1.8018018018018e-03 2.1621621621622e-03 3.6036036036036e-03 4.0450450450450e-01 4.7027027027027e-02 5.5855855855856e-03 9.8018018018018e-02 4.3243243243243e-03 1.8018018018018e-03 3.7873873873874e-01 
50 6.0550458715596e-03 2.5688073394495e-03 2.0183486238532e-03 2.7522935779816e-03 2.5688073394495e-03 9.7247706422019e-03 1.8348623853211e-03 2.3853211009174e-03 3.6697247706422e-03 4.5871559633027e-03 2.0183486238532e-03 2.3853211009174e-03 2.0183486238532e-03 6.6055045871560e-03 4.1467889908257e-02 2.0183486238532e-03 1.5596330275229e-02 1.6440366972477e-01 2.5688073394495e-03 2.7522935779816e-03 2.0183486238532e-03 2.0183486238532e-03 1.3394495412844e-02 1.8348623853211e-03 7.0073394495413e-01 
51 2.2400000000000e-03 1.9200000000000e-03 1.9200000000000e-03 1.6000000000000e-03 2.5600000000000e-03 1.6000000000000e-03 1.6480000000000e-01 1.6000000000000e-03 1.7600000000000e-03 5.7440000000000e-02 3.0400000000000e-03 1.9200000000000e-03 1.9200000000000e-03 1.7600000000000e-03 1.6000000000000e-03 1.9200000000000e-03 1.6000000000000e-03 1.2480000000000e-02 3.8400000000000e-03 4.3200000000000e-03 1.7600000000000e-03 1.3168000000000e-01 6.4000000000000e-03 1.7600000000000e-03 5.8656000000000e-01 
52 1.4507772020725e-03 7.4611398963731e-03 1.7616580310881e-02 2.5906735751295e-03 7.7720207253886e-03 3.5129533678756e-02 2.0725388601036e-03 1.7305699481865e-02 4.8704663212435e-03 5.9378238341969e-02 1.8031088082902e-02 1.0362694300518e-02 2.4870466321244e-03 1.5751295336788e-02 4.6321243523316e-02 2.0725388601036e-03 2.1761658031088e-03 6.3212435233161e-03 2.7979274611399e-03 2.2797927461140e-03 2.9015544041451e-03 3.2124352331606e-03 2.5906735751295e-03 7.5647668393782e-02 6.5139896373057e-01 
53 2.7751196172249e-03 1.6267942583732e-03 4.2105263157895e-03 1.3397129186603e-03 9.7607655502392e-03 3.0622009569378e-03 1.3397129186603e-03 4.4019138755981e-03 1.4354066985646e-02 4.1148325358852e-03 1.6267942583732e-03 2.2009569377990e-03 1.2545454545455e-01 3.4449760765550e-03 3.4449760765550e-03 1.1425837320574e-01 7.5598086124402e-03 1.7224880382775e-03 2.2966507177034e-03 2.7177033492823e-02 2.0095693779904e-03 2.3923444976077e-03 2.2966507177034e-03 4.7846889952153e-03 6.5234449760766e-01 
54 1.1642512077295e-01 1.2560386473430e-03 1.5458937198068e-03 1.5458937198068e-03 1.9323671497585e-03 4.7342995169082e-03 1.1787439613527e-02 3.9613526570048e-03 4.5410628019324e-03 2.6473429951691e-02 3.5748792270531e-03 2.4154589371981e-03 5.8937198067633e-03 2.1256038647343e-03 1.9323671497585e-03 5.7004830917874e-03 1.2560386473430e-03 4.4444444444444e-02 2.1256038647343e-03 2.0289855072464e-03 1.4251207729469e-01 5.0241545893720e-03 1.5458937198068e-03 2.4154589371981e-03 6.0280193236715e-01 
55 3.7229437229437e-03 1.0389610389610e-03 1.2121212121212e-03 4.3549783549784e-02 3.2900432900433e-03 1.9047619047619e-03 8.6580086580087e-04 1.3852813852814e-03 9.5238095238095e-04 1.3852813852814e-03 1.1255411255411e-03 2.1645021645022e-03 1.0675324675325e-01 1.2987012987013e-03 1.6450216450216e-03 5.6277056277056e-02 1.2727272727273e-02 1.5584415584416e-03 3.7229437229437e-03 3.2034632034632e-03 1.3852813852814e-03 1.0389610389610e-03 2.0779220779221e-03 9.5238095238095e-04 7.4476190476190e-01 
56 3.0136986301370e-03 3.0136986301370e-03 3.2876712328767e-03 3.5616438356164e-03 2.7397260273973e-03 1.0684931506849e-02 3.2876712328767e-03 4.6575342465753e-03 1.0136986301370e-02 3.0136986301370e-03 3.5616438356164e-03 4.3835616438356e-03 3.8356164383562e-03 5.7534246575343e-03 8.4931506849315e-03 4.4383561643836e-02 9.3972602739726e-02 4.9315068493151e-03 3.2876712328767e-03 3.2876712328767e-03 4.1095890410959e-03 4.9315068493151e-03 5.4794520547945e-03 1.0410958904110e-02 7.5178082191781e-01 
57 1.5733333333333e-02 1.3688888888889e-02 2.1333333333333e-03 7.5555555555556e-03 2.5777777777778e-03 1.1555555555556e-03 3.1111111111111e-03 2.2222222222222e-03 9.8666666666667e-03 3.2888888888889e-03 9.5466666666667e-02 4.1777777777778e-03 5.1555555555556e-03 3.1111111111111e-03 2.1688888888889e-02 5.6888888888889e-03 2.3111111111111e-03 7.2000000000000e-03 4.0888888888889e-03 2.5066666666667e-02 2.5777777777778e-03 2.4977777777778e-02 9.0666666666666e-03 6.7555555555556e-03 7.2133333333333e-01 
58 1.6425120772947e-03 8.4057971014493e-03 7.1014492753623e-02 1.7140096618357e-01 1.1594202898551e-03 8.8985507246377e-02 1.6425120772947e-03 2.1159420289855e-02 2.8019323671498e-03 2.6666666666667e-02 3.1884057971015e-03 5.0241545893720e-03 1.4492753623188e-03 6.3768115942029e-03 5.2173913043478e-03 2.9951690821256e-03 5.5072463768116e-03 2.9951690821256e-03 1.6425120772947e-03 4.7729468599034e-02 5.6038647342995e-03 3.6714975845411e-03 2.7053140096618e-03 6.8985507246377e-02 4.4202898550725e-01 
59 7.4074074074074e-03 8.8888888888889e-03 8.1481481481482e-03 8.1481481481482e-03 7.4074074074074e-03 7.4074074074074e-03 8.1481481481482e-03 8.1481481481482e-03 7.4074074074074e-03 1.1851851851852e-02 8.1481481481482e-03 8.1481481481482e-03 1.1111111111111e-02 9.8518518518518e-02 2.0740740740741e-02 8.8888888888889e-03 3.4814814814815e-02 8.8888888888889e-03 8.1481481481482e-03 9.6296296296296e-03 8.8888888888889e-03 7.4074074074074e-03 8.8888888888889e-03 7.4074074074074e-03 6.6740740740741e-01 
60 2.0000000000000e-02 9.5238095238095e-03 9.5238095238095e-03 1.0476190476190e-02 9.5238095238095e-03 9.5238095238095e-03 3.8095238095238e-02 9.5238095238095e-03 1.0476190476190e-02 1.0476190476190e-02 1.0476190476190e-02 1.0476190476190e-02 9.5238095238095e-03 9.5238095238095e-03 9.5238095238095e-03 1.0476190476190e-02 1.0476190476190e-02 9.5238095238095e-03 3.2380952380952e-02 1.0476190476190e-02 1.7142857142857e-02 1.0285714285714e-01 1.1428571428571e-02 1.1428571428571e-02 5.9714285714286e-01 
61 3.6097560975610e-03 1.3443902439024e-01 1.6585365853659e-03 1.8536585365854e-03 2.7317073170732e-03 4.0000000000000e-03 1.3658536585366e-03 1.6878048780488e-02 5.1707317073171e-02 3.9024390243902e-03 9.9804878048780e-02 1.0341463414634e-02 2.5463414634146e-02 6.0487804878049e-03 2.4390243902439e-03 1.9512195121951e-03 4.6829268292683e-03 5.2682926829268e-03 1.4634146341463e-03 1.3756097560976e-02 2.4390243902439e-03 1.6585365853659e-03 3.0243902439024e-03 2.6341463414634e-02 5.7317073170732e-01 
62 4.4692737430168e-03 1.6759776536313e-03 4.3575418994413e-03 2.5698324022346e-03 2.9050279329609e-03 2.3463687150838e-03 2.5698324022346e-03 3.1284916201117e-02 2.2346368715084e-03 1.7541899441341e-02 1.2290502793296e-03 2.0111731843575e-03 3.7653631284916e-02 1.7877094972067e-03 2.1229050279330e-03 9.2513966480447e-02 2.7932960893855e-03 3.2402234636872e-03 3.1284916201117e-03 1.3296089385475e-02 2.0446927374302e-02 2.2346368715084e-03 3.7988826815643e-03 3.4525139664804e-02 7.0726256983240e-01 
63 2.2736842105263e-01 3.6842105263158e-02 1.9425837320574e-02 1.8755980861244e-02 4.1148325358852e-03 2.6794258373206e-03 2.2009569377990e-03 3.1578947368421e-03 4.5933014354067e-03 2.5837320574163e-03 4.1148325358852e-03 2.0095693779904e-02 2.8516746411483e-02 5.6459330143541e-03 3.5406698564593e-03 1.7224880382775e-03 3.6363636363636e-03 5.9330143540670e-03 4.8708133971292e-02 6.3157894736842e-03 3.4641148325359e-02 1.9138755980861e-03 1.6267942583732e-03 2.0095693779904e-03 5.0985645933014e-01 
64 1.9822222222222e-02 2.7555555555556e-03 5.5111111111111e-02 6.9333333333333e-03 3.5555555555556e-03 2.4000000000000e-03 1.7777777777778e-03 1.3333333333333e-03 9.7777777777778e-04 1.2444444444444e-03 5.7955555555555e-02 2.4888888888889e-03 1.4471111111111e-01 1.4222222222222e-03 1.6000000000000e-03 5.9466666666667e-02 4.8000000000000e-03 7.2000000000000e-03 4.1777777777778e-03 4.6222222222222e-03 1.5111111111111e-03 2.0444444444444e-03 9.7777777777778e-04 4.8000000000000e-03 6.0631111111111e-01 
65 1.7385620915033e-02 1.5895424836601e-01 3.3986928104575e-03 1.2941176470588e-02 2.2222222222222e-03 3.7908496732026e-03 9.6732026143791e-03 1.4248366013072e-02 4.1830065359477e-03 5.4901960784314e-03 4.4444444444444e-03 7.9738562091503e-03 2.2222222222222e-03 2.2222222222222e-03 3.5294117647059e-03 3.6601307189543e-03 4.9673202614379e-03 7.5816993464052e-03 2.6405228758170e-02 1.6993464052288e-03 2.3529411764706e-03 2.4836601307190e-03 1.2418300653595e-02 3.0457516339869e-02 6.5529411764706e-01 
66 1.5384615384615e-03 1.3986013986014e-03 4.3356643356643e-03 2.2377622377622e-03 1.6783216783217e-03 2.7972027972028e-03 4.3356643356643e-03 1.6783216783217e-03 1.3986013986014e-03 5.0629370629371e-02 2.3776223776224e-03 1.3986013986014e-03 1.3986013986014e-03 1.8181818181818e-03 4.3356643356643e-03 1.8181818181818e-03 2.3776223776224e-03 1.5384615384615e-03 1.8181818181818e-03 2.2377622377622e-03 1.3986013986014e-03 3.9580419580420e-02 1.7342657342657e-02 1.6783216783217e-03 8.4685314685315e-01 
67 8.5844748858448e-03 4.0182648401827e-03 1.2602739726027e-02 5.7899543378995e-02 2.5570776255708e-03 2.3013698630137e-02 2.0091324200913e-03 2.6210045662100e-02 1.4611872146119e-03 2.3744292237443e-02 7.3972602739726e-03 5.0410958904110e-02 4.7031963470320e-02 2.8310502283105e-03 8.1278538812785e-03 1.8264840182648e-03 4.1095890410959e-03 3.1050228310502e-03 1.9178082191781e-03 7.1232876712329e-03 1.9178082191781e-03 1.8447488584475e-02 1.7351598173516e-03 7.4429223744292e-02 6.0748858447489e-01 
68 2.5263157894737e-03 2.3157894736842e-03 2.5263157894737e-03 2.3157894736842e-03 2.9473684210526e-03 3.5789473684210e-03 7.3684210526316e-03 2.3157894736842e-03 2.1052631578947e-03 2.3157894736842e-03 2.3157894736842e-03 8.6315789473684e-03 2.3157894736842e-03 7.1578947368421e-03 1.4294736842105e-01 2.5263157894737e-03 4.4210526315789e-03 4.0189473684211e-01 2.1052631578947e-03 3.5789473684210e-03 2.3157894736842e-03 3.3684210526316e-03 3.2000000000000e-02 2.1052631578947e-03 3.5200000000000e-01 
69 1.8018018018018e-03 1.8018018018018e-03 1.8018018018018e-03 2.1621621621622e-03 2.3423423423423e-03 4.3243243243243e-03 2.2990990990991e-01 1.8018018018018e-03 1.9819819819820e-03 2.5225225225225e-03 2.3423423423423e-03 1.9819819819820e-03 1.8018018018018e-03 2.7027027027027e-03 2.3423423423423e-03 1.4702702702703e-01 2.7027027027027e-03 1.9819819819820e-03 2.1621621621622e-03 2.1621621621622e-03 2.7027027027027e-03 1.8180180180180e-01 1.8018018018018e-03 1.8018018018018e-03 3.9423423423423e-01 
70 1.7690607734807e-01 3.2044198895028e-03 4.6408839779005e-03 6.4088397790055e-03 1.1712707182320e-02 1.6795580110497e-02 4.3093922651934e-03 1.9889502762431e-03 1.7679558011050e-02 7.0718232044199e-03 6.6298342541436e-03 4.4198895027624e-03 1.8784530386740e-03 2.4309392265193e-03 1.0607734806630e-02 5.1933701657459e-03 3.6464088397790e-03 6.4088397790055e-03 2.8729281767956e-03 9.1712707182320e-03 3.8674033149171e-03 4.7513812154696e-03 2.0994475138122e-03 1.5248618784530e-02 6.7005524861878e-01 
71 2.2439024390244e-03 2.1463414634146e-03 1.3931707317073e-01 3.1219512195122e-03 1.9512195121951e-03 1.8536585365854e-03 1.8536585365854e-03 2.7317073170732e-03 2.0487804878049e-03 1.9512195121951e-03 6.3414634146341e-03 5.9512195121951e-03 3.8048780487805e-03 1.3658536585366e-02 3.8048780487805e-03 1.3073170731707e-02 3.2195121951219e-03 3.2195121951219e-03 1.8536585365854e-03 9.5609756097561e-03 7.6000000000000e-02 1.9707317073171e-02 1.6780487804878e-02 1.9512195121951e-02 6.4429268292683e-01 
72 3.4625550660793e-02 1.4792951541850e-01 1.6740088105727e-02 3.7004405286344e-03 2.9074889867841e-03 4.6519823788546e-02 1.4096916299559e-03 6.2555066079295e-03 4.0528634361233e-03 1.3215859030837e-03 5.2863436123348e-03 4.4933920704846e-03 1.8502202643172e-03 3.2599118942731e-03 3.1718061674009e-03 4.1409691629956e-03 2.4669603524229e-03 5.9030837004405e-03 3.9647577092511e-03 1.0925110132159e-02 1.4096916299559e-03 1.5859030837004e-03 2.1145374449339e-03 1.4898678414097e-01 5.3497797356828e-01 
73 4.5569620253165e-03 3.7974683544304e-03 2.7848101265823e-03 3.0379746835443e-03 3.2911392405063e-03 4.0506329113924e-03 5.8227848101266e-03 2.7848101265823e-03 2.7848101265823e-03 2.5316455696203e-03 1.3924050632911e-02 2.5316455696203e-03 2.7848101265823e-03 1.3164556962025e-02 3.2911392405063e-03 3.2911392405063e-03 3.2911392405063e-03 8.1012658227848e-03 5.5949367088608e-02 3.0379746835443e-03 3.7974683544304e-03 2.7848101265823e-03 2.7848101265823e-03 3.2911392405063e-03 8.4253164556962e-01 
74 1.0065359477124e-02 3.2679738562092e-03 1.8300653594771e-03 1.3071895424837e-03 1.5686274509804e-03 1.3071895424837e-03 1.6993464052288e-03 1.3071895424837e-03 1.4379084967320e-03 1.9607843137255e-03 1.1111111111111e-02 2.2222222222222e-03 1.8300653594771e-03 5.7908496732026e-02 1.4379084967320e-03 1.6993464052288e-03 1.0535947712418e-01 4.7058823529412e-03 1.2941176470588e-02 1.0954248366013e-01 4.0522875816993e-03 3.5294117647059e-03 2.6143790849673e-03 1.5686274509804e-03 6.5372549019608e-01 
75 2.1052631578947e-03 9.0225563909775e-03 1.8045112781955e-03 1.6541353383459e-03 1.5037593984962e-03 1.8045112781955e-03 6.2255639097744e-02 1.6541353383459e-03 2.7067669172932e-03 1.9548872180451e-03 1.8045112781955e-03 1.6541353383459e-03 2.8571428571428e-03 6.0751879699248e-02 4.5112781954887e-03 9.6240601503760e-03 2.2556390977444e-03 2.6390977443609e-01 2.3007518796992e-02 3.0075187969925e-03 1.8045112781955e-03 1.8045112781955e-03 9.3984962406015e-02 2.5563909774436e-03 4.4000000000000e-01 
76 2.3841059602649e-03 8.3443708609271e-03 1.8543046357616e-03 1.3245033112583e-03 1.5894039735099e-03 3.1788079470199e-02 2.1192052980132e-03 1.3245033112583e-03 2.1192052980132e-03 1.7218543046358e-03 4.6357615894040e-03 2.8741721854305e-02 2.1192052980132e-03 7.4172185430464e-03 2.7814569536424e-03 5.8278145695364e-03 3.4172185430464e-02 5.6953642384106e-03 1.6953642384106e-02 5.1258278145695e-02 2.2516556291391e-03 8.4768211920530e-03 3.2225165562914e-01 1.7218543046358e-03 4.5112582781457e-01 
77 3.0769230769231e-03 7.6923076923077e-03 3.3846153846154e-03 3.3846153846154e-03 4.0000000000000e-03 3.3846153846154e-03 2.7692307692308e-02 3.6923076923077e-03 3.0769230769231e-03 4.6153846153846e-03 3.3846153846154e-03 6.4615384615385e-03 3.0769230769231e-03 6.1538461538462e-03 4.3076923076923e-03 1.1692307692308e-02 7.0769230769231e-03 5.2307692307692e-03 4.9230769230769e-03 2.6676923076923e-01 5.5384615384615e-03 1.3446153846154e-01 4.0000000000000e-03 4.3076923076923e-03 4.6861538461538e-01 
78 1.2440191387560e-03 1.7224880382775e-03 2.3923444976077e-03 2.4880382775120e-03 1.6267942583732e-03 3.0622009569378e-03 4.6889952153110e-03 8.6028708133971e-02 1.7224880382775e-03 2.7751196172249e-03 4.4497607655502e-02 5.7416267942584e-03 1.2440191387560e-03 5.7416267942584e-03 2.0095693779904e-03 2.3923444976077e-03 2.0095693779904e-03 4.0191387559809e-03 2.4880382775120e-03 4.5358851674641e-02 8.8038277511962e-02 1.8181818181818e-03 3.8277511961722e-03 3.2535885167464e-03 6.7980861244019e-01 
