0 7.6195121951219e-02 4.4878048780488e-03 3.4731707317073e-02 2.3590243902439e-01 6.4868292682927e-01 
1 5.1796407185629e-01 1.3173652694611e-03 1.4371257485030e-03 8.0239520958084e-03 4.7125748502994e-01 
2 4.4067796610169e-03 9.5593220338983e-02 2.4542372881356e-01 1.0508474576271e-02 6.4406779661017e-01 
3 6.0372093023256e-02 1.8604651162791e-03 3.4418604651163e-03 7.5348837209302e-03 9.2679069767442e-01 
4 1.5748031496063e-03 3.7795275590551e-03 1.5748031496063e-03 3.8976377952756e-01 6.0330708661417e-01 
5 2.0938271604938e-01 1.5637860082305e-03 3.1522633744856e-02 2.1810699588477e-02 7.3572016460905e-01 
6 1.9788359788360e-02 8.6560846560847e-02 1.5608465608466e-01 2.9629629629630e-03 7.3460317460318e-01 
7 3.2913385826772e-02 1.5748031496063e-03 1.5748031496063e-03 2.8346456692913e-03 9.6110236220472e-01 
8 1.5134883720930e-01 2.6604651162791e-02 1.6567441860465e-01 1.5813953488372e-03 6.5479069767442e-01 
9 2.0872037914692e-01 1.8009478672986e-03 6.4454976303318e-03 4.6445497630332e-03 7.7838862559242e-01 
10 7.3013100436681e-02 1.3100436681223e-03 3.7205240174673e-02 2.2969432314410e-01 6.5877729257642e-01 
11 1.8136585365854e-01 2.0487804878049e-03 2.0487804878049e-03 4.2926829268293e-03 8.1024390243902e-01 
12 2.7317073170732e-03 3.4146341463415e-03 1.3726829268293e-01 1.2487804878049e-02 8.4409756097561e-01 
13 2.4299065420561e-03 2.4299065420561e-03 3.5514018691589e-03 9.5327102803738e-03 9.8205607476636e-01 
14 6.4474885844749e-02 1.2785388127854e-03 5.7625570776256e-02 9.2511415525114e-02 7.8410958904110e-01 
15 6.3473684210526e-01 2.1052631578947e-03 2.1052631578947e-03 2.1052631578947e-03 3.5894736842105e-01 
16 1.3903743315508e-03 2.9946524064171e-03 2.6737967914438e-03 2.5775401069519e-02 9.6716577540107e-01 
17 6.5168539325843e-03 6.2921348314607e-03 2.2471910112360e-03 4.3393258426966e-01 5.5101123595506e-01 
18 1.1865470852018e-01 1.4349775784753e-03 8.2511210762332e-03 1.1569506726457e-02 8.6008968609865e-01 
19 5.6073619631902e-02 1.4858895705521e-01 4.6625766871166e-03 3.4171779141104e-01 4.4895705521472e-01 
20 1.2807881773399e-03 4.2857142857143e-02 8.9064039408867e-02 2.2857142857143e-01 6.3822660098522e-01 
21 3.7522123893805e-02 3.6141592920354e-01 4.7787610619469e-03 7.5575221238938e-02 5.2070796460177e-01 
22 5.0666666666667e-03 2.9333333333333e-03 1.1093333333333e-01 2.6666666666667e-03 8.7840000000000e-01 
23 5.4152046783626e-02 7.4035087719298e-02 2.0654970760234e-01 1.6374269005848e-03 6.6362573099415e-01 
24 3.8552036199095e-02 1.4479638009050e-03 1.2090497737557e-01 5.6018099547511e-02 7.8307692307692e-01 
25 2.8985507246377e-03 1.0434782608696e-02 2.7449275362319e-01 3.7681159420290e-03 7.0840579710145e-01 
26 1.7061611374408e-03 1.9213270142180e-01 1.2426540284360e-01 2.2843601895735e-02 6.5905213270142e-01 
27 3.5292307692308e-01 3.0769230769231e-03 3.0769230769231e-03 3.3846153846154e-03 6.3753846153846e-01 
28 1.4091743119266e-01 2.3853211009174e-03 1.8348623853211e-03 2.2018348623853e-03 8.5266055045872e-01 
29 7.3445378151260e-02 4.5378151260504e-03 2.5546218487395e-02 1.1109243697479e-01 7.8537815126050e-01 
30 1.5095890410959e-01 3.0136986301370e-03 3.0136986301370e-03 2.7397260273973e-03 8.4027397260274e-01 
31 8.7700534759358e-03 3.1016042780749e-03 1.6705882352941e-01 5.1229946524064e-02 7.6983957219251e-01 
32 3.2864864864865e-02 1.2000000000000e-02 7.5675675675676e-03 1.3870270270270e-01 8.0886486486486e-01 
33 3.7681159420290e-03 4.4492753623188e-01 8.0000000000000e-02 4.9275362318841e-03 4.6637681159420e-01 
34 1.9834710743802e-03 2.1487603305785e-03 2.4330578512397e-01 2.3090909090909e-01 5.2165289256198e-01 
35 4.3542857142857e-02 1.2685714285714e-02 3.5428571428571e-03 7.2914285714286e-02 8.6731428571428e-01 
36 2.0109289617486e-02 3.6065573770492e-03 1.7158469945355e-02 1.7595628415301e-02 9.4153005464481e-01 
37 1.1820895522388e-01 3.7810945273632e-03 1.4925373134328e-03 1.5820895522388e-02 8.6069651741294e-01 
38 4.7311827956989e-03 2.1505376344086e-03 2.7956989247312e-03 1.4408602150538e-02 9.7591397849462e-01 
39 6.0773480662983e-03 1.1016574585635e-01 2.2099447513812e-03 4.7513812154696e-03 8.7679558011050e-01 
40 3.6758893280632e-02 9.9920948616601e-02 1.2648221343873e-02 1.6695652173913e-01 6.8371541501976e-01 
41 8.6995515695067e-03 3.4080717488789e-03 2.3408071748879e-02 4.7623318385650e-02 9.1686098654708e-01 
42 1.3636363636364e-01 4.3636363636364e-03 3.6363636363636e-03 4.3636363636364e-03 8.5127272727273e-01 
43 1.3816425120773e-02 6.1449275362319e-02 1.6647342995169e-01 5.3816425120773e-02 7.0444444444444e-01 
44 3.7904761904762e-02 1.9047619047619e-03 2.0952380952381e-03 2.2857142857143e-03 9.5580952380953e-01 
45 6.2944162436548e-03 5.0761421319797e-02 2.9340101522843e-02 7.4010152284264e-02 8.3959390862944e-01 
46 2.0777142857143e-01 1.9428571428571e-03 6.2742857142857e-02 1.4857142857143e-03 7.2605714285714e-01 
47 1.2807881773399e-03 1.5852216748768e-01 8.4630541871921e-02 5.7931034482759e-02 6.9763546798030e-01 
48 1.5546666666667e-01 9.1200000000000e-02 2.6666666666667e-03 2.9333333333333e-03 7.4773333333333e-01 
49 1.4766355140187e-02 1.2710280373832e-02 2.9906542056075e-03 2.9906542056075e-03 9.6654205607477e-01 
50 2.0952380952381e-03 1.0857142857143e-02 1.7180952380952e-01 6.4571428571429e-02 7.5066666666667e-01 
51 6.6776859504132e-02 5.2892561983471e-03 2.9752066115702e-03 1.8181818181818e-03 9.2314049586777e-01 
52 1.1640211640212e-03 3.0899470899471e-02 9.8835978835979e-02 4.8677248677249e-03 8.6423280423280e-01 
53 2.5365853658537e-03 5.6390243902439e-02 1.8536585365854e-03 5.1707317073171e-03 9.3404878048780e-01 
54 1.2256157635468e-01 5.9113300492611e-03 1.3300492610837e-02 9.6256157635468e-02 7.6197044334975e-01 
55 3.1277533039648e-02 1.5859030837004e-03 2.9955947136564e-03 2.5550660792952e-03 9.6158590308370e-01 
56 4.6376811594203e-03 5.2173913043478e-03 3.4782608695652e-03 8.5797101449275e-02 9.0086956521739e-01 
57 5.4660633484163e-02 6.6063348416290e-03 3.7104072398190e-03 4.2986425339367e-02 8.9203619909502e-01 
58 2.0295566502463e-02 1.4975369458128e-02 2.4266009852217e-01 1.0837438423645e-03 7.2098522167488e-01 
59 9.5652173913043e-03 1.5652173913043e-02 8.6956521739130e-03 2.4782608695652e-01 7.1826086956522e-01 
60 1.6470588235294e-02 1.1764705882353e-02 6.0000000000000e-02 1.1764705882353e-02 9.0000000000000e-01 
61 2.5870646766169e-03 4.0298507462687e-02 3.0845771144279e-03 3.1840796019901e-03 9.5084577114428e-01 
62 4.0914285714286e-02 4.8914285714286e-02 6.7428571428571e-03 3.2000000000000e-03 9.0022857142857e-01 
63 6.1560975609756e-02 1.7560975609756e-03 2.2634146341463e-02 2.3853658536585e-01 6.7551219512195e-01 
64 3.7104072398190e-03 1.2669683257919e-03 1.0497737556561e-02 9.1221719457014e-02 8.9330316742081e-01 
65 2.9530201342282e-03 3.6912751677852e-02 1.6912751677852e-02 9.4228187919463e-02 8.4899328859060e-01 
66 2.1582733812950e-03 4.5899280575539e-02 1.4388489208633e-03 3.3093525179856e-03 9.4719424460432e-01 
67 1.1813953488372e-02 6.0465116279070e-03 6.8000000000000e-02 9.5069767441860e-02 8.1906976744186e-01 
68 3.7362637362637e-03 2.4175824175824e-02 1.6000000000000e-01 7.3626373626374e-02 7.3846153846154e-01 
69 4.5065420560748e-01 2.0560747663551e-03 2.6168224299065e-03 2.0560747663551e-03 5.4261682242991e-01 
70 1.8305084745763e-02 3.1638418079096e-02 1.0847457627119e-02 1.1966101694915e-01 8.1954802259887e-01 
71 6.7164179104478e-02 2.7164179104478e-02 1.9900497512438e-02 4.2786069651741e-03 8.8149253731343e-01 
72 1.9730941704036e-03 1.0403587443946e-02 2.0986547085202e-02 1.4573991031390e-01 8.2089686098655e-01 
73 5.3333333333333e-03 3.2000000000000e-03 5.3333333333333e-03 2.6666666666667e-03 9.8346666666667e-01 
74 1.3422818791946e-03 3.0872483221477e-03 1.7449664429530e-03 1.1691275167785e-01 8.7691275167785e-01 
75 4.1240310077519e-02 5.3023255813953e-02 2.4945736434109e-01 1.9844961240310e-02 6.3643410852713e-01 
76 1.6326530612245e-03 9.8639455782313e-02 3.7414965986395e-02 1.7659863945578e-01 6.8571428571429e-01 
77 1.7672131147541e-01 3.2786885245902e-03 3.6065573770492e-03 1.1147540983607e-02 8.0524590163934e-01 
78 1.6839024390244e-01 8.4878048780488e-03 2.5365853658537e-03 8.0000000000000e-03 8.1258536585366e-01 
79 2.2222222222222e-03 2.0202020202020e-03 3.8787878787879e-02 5.2000000000000e-01 4.3696969696970e-01 
80 3.9024390243902e-03 2.4390243902439e-03 1.6260162601626e-03 1.6260162601626e-03 9.9040650406504e-01 
81 5.5477386934673e-02 7.0854271356784e-02 6.6934673366834e-02 9.1256281407035e-02 7.1547738693467e-01 
82 5.8630136986301e-02 7.3972602739726e-03 3.7534246575342e-02 2.7397260273973e-03 8.9369863013699e-01 
83 1.2121212121212e-03 2.6436363636364e-01 2.7878787878788e-03 2.6666666666667e-03 7.2896969696970e-01 
84 9.3617021276596e-03 1.3021276595745e-01 5.9574468085106e-03 1.6212765957447e-01 6.9234042553192e-01 
85 1.2438709677419e-01 1.6774193548387e-03 1.8064516129032e-03 1.5354838709677e-01 7.1858064516129e-01 
86 3.4355828220859e-03 2.0907975460123e-01 9.4233128834356e-02 5.4601226993865e-02 6.3865030674847e-01 
87 1.0461538461538e-02 5.4256410256410e-02 1.6512820512820e-02 3.6923076923077e-03 9.1507692307692e-01 
88 9.7872340425532e-03 2.2978723404255e-02 9.4468085106383e-02 3.0468085106383e-01 5.6808510638298e-01 
89 8.7046632124352e-03 6.7979274611399e-02 5.1088082901554e-02 9.8963730569948e-02 7.7326424870466e-01 
90 1.7391304347826e-03 3.3513043478261e-01 2.6956521739130e-02 9.9130434782609e-03 6.2626086956522e-01 
91 1.6855895196507e-02 2.2026200873362e-01 3.6681222707424e-03 7.2401746724891e-02 6.8681222707424e-01 
92 2.3529411764706e-03 1.5058823529412e-02 2.5882352941177e-03 1.5505882352941e-01 8.2494117647059e-01 
93 1.8691588785047e-03 1.1214953271028e-02 2.2429906542056e-03 3.1775700934579e-03 9.8149532710281e-01 
94 2.0183486238532e-03 6.2385321100917e-03 1.5302752293578e-01 5.5045871559633e-03 8.3321100917431e-01 
95 8.2270270270270e-02 1.5135135135135e-03 2.7459459459459e-02 1.2972972972973e-03 8.8745945945946e-01 
96 5.7046413502110e-02 3.2067510548523e-03 2.0168776371308e-02 3.6962025316456e-02 8.8261603375527e-01 
97 8.4057971014493e-03 1.0144927536232e-02 1.7971014492754e-02 1.3797101449275e-01 8.2550724637681e-01 
98 1.3012048192771e-02 9.3493975903614e-02 1.2771084337349e-02 1.9975903614458e-01 6.8096385542169e-01 
99 3.0857142857143e-03 8.9485714285714e-02 8.4571428571429e-03 1.5108571428571e-01 7.4788571428571e-01 
100 5.4320987654321e-03 2.7160493827160e-03 2.7160493827160e-03 2.4691358024691e-03 9.8666666666667e-01 
101 1.3846153846154e-02 4.4957264957265e-02 2.7350427350427e-03 2.0666666666667e-01 7.3179487179487e-01 
102 1.8016528925620e-02 1.6528925619835e-03 5.1074380165289e-02 1.7785123966942e-01 7.5140495867769e-01 
103 6.0975609756097e-02 1.7560975609756e-03 1.7560975609756e-03 1.5609756097561e-03 9.3395121951219e-01 
104 1.5515695067265e-02 9.8654708520179e-03 1.9174887892377e-01 8.6995515695067e-03 7.7417040358744e-01 
105 6.9955156950673e-02 6.2780269058296e-03 2.5291479820628e-02 1.2556053811659e-03 8.9721973094170e-01 
106 6.4000000000000e-03 2.9173333333333e-01 4.8000000000000e-03 1.0533333333333e-01 5.9173333333333e-01 
107 3.2786885245902e-03 3.2786885245902e-03 5.5737704918033e-03 3.2786885245902e-03 9.8459016393443e-01 
108 2.5970149253731e-02 5.8606965174129e-02 3.0049751243781e-02 5.7213930348259e-02 8.2815920398010e-01 
109 2.6580645161290e-02 7.7806451612903e-02 1.8400000000000e-01 3.7548387096774e-02 6.7406451612903e-01 
110 2.0048780487805e-01 1.1707317073171e-03 1.2682926829268e-03 1.8536585365854e-03 7.9521951219512e-01 
111 1.9187165775401e-01 2.8877005347594e-03 2.0855614973262e-02 3.6363636363636e-03 7.8074866310160e-01 
112 8.3943661971831e-02 1.5962441314554e-03 1.4328638497653e-01 3.7464788732394e-02 7.3370892018779e-01 
113 3.0303030303030e-03 5.0101010101010e-02 3.0303030303030e-03 3.2323232323232e-03 9.4060606060606e-01 
114 1.8823529411765e-02 1.1465240641711e-01 3.6363636363636e-03 1.7647058823529e-02 8.4524064171123e-01 
115 6.1971830985915e-03 1.6225352112676e-01 6.4788732394366e-03 2.8169014084507e-03 8.2225352112676e-01 
116 9.2914285714286e-02 1.8285714285714e-03 6.9371428571429e-02 1.1428571428571e-03 8.3474285714286e-01 
117 1.8271604938272e-02 2.9481481481482e-01 3.5308641975309e-02 1.1259259259259e-01 5.3901234567901e-01 
118 1.5547703180212e-03 2.7561837455830e-02 3.0798586572438e-01 1.1307420494700e-03 6.6176678445230e-01 
119 2.6125654450262e-01 1.7801047120419e-03 3.2460732984293e-02 1.1308900523560e-02 6.9319371727749e-01 
120 4.5502645502646e-02 3.8095238095238e-03 1.0582010582011e-03 2.6772486772487e-02 9.2285714285714e-01 
121 2.5615763546798e-03 9.8522167487685e-04 1.5763546798030e-03 1.2945812807882e-01 8.6541871921182e-01 
122 3.4482758620690e-03 1.0091954022989e-01 7.1264367816092e-02 2.9885057471264e-03 8.2137931034483e-01 
123 1.4414414414414e-02 4.3243243243243e-03 5.3873873873874e-02 4.3243243243243e-03 9.2306306306306e-01 
124 3.9378238341969e-03 2.6943005181347e-03 4.1450777202073e-02 5.0777202072539e-03 9.4683937823834e-01 
125 1.7112299465241e-01 3.2085561497326e-03 5.1336898395722e-03 2.9946524064171e-03 8.1754010695187e-01 
126 3.3663366336634e-03 7.0891089108911e-02 2.5742574257426e-03 2.5742574257426e-03 9.2059405940594e-01 
127 4.3243243243243e-03 4.3243243243243e-03 3.1660231660232e-03 1.0586872586873e-01 8.8231660231660e-01 
128 3.6781609195402e-03 2.2505747126437e-01 4.1379310344828e-03 1.7241379310345e-02 7.4988505747126e-01 
129 1.1058823529412e-02 2.5882352941177e-03 3.3882352941176e-02 9.4352941176471e-02 8.5811764705882e-01 
130 3.3608247422680e-02 1.6948453608247e-01 4.9484536082474e-03 5.9793814432990e-03 7.8597938144330e-01 
131 5.4805194805195e-02 1.0649350649351e-01 5.8961038961039e-02 9.3506493506493e-03 7.7038961038961e-01 
132 8.8495575221239e-03 2.8318584070796e-03 5.4867256637168e-03 1.1256637168142e-01 8.7026548672566e-01 
133 2.9473684210526e-03 8.5894736842105e-02 2.3157894736842e-03 1.3052631578947e-02 8.9578947368421e-01 
134 5.9200000000000e-03 1.4560000000000e-01 4.8000000000000e-03 1.1840000000000e-02 8.3184000000000e-01 
135 3.5799086757991e-02 3.0136986301370e-03 3.6529680365297e-03 4.7488584474886e-03 9.5278538812785e-01 
136 3.7974683544304e-03 3.5443037974684e-03 4.0506329113924e-03 3.2911392405063e-03 9.8531645569620e-01 
137 1.1424390243902e-01 1.5902439024390e-02 3.9121951219512e-02 2.7804878048781e-02 8.0292682926829e-01 
138 9.6894409937888e-03 1.4161490683230e-02 1.4906832298137e-03 6.5217391304348e-02 9.0944099378882e-01 
139 2.1052631578947e-03 4.1115789473684e-01 3.3684210526316e-03 8.4631578947368e-02 4.9873684210526e-01 
140 2.9604519774011e-02 2.3389830508475e-02 4.9152542372881e-02 1.5435028248588e-01 7.4350282485876e-01 
141 1.0076502732240e-01 1.0819672131148e-02 1.2021857923497e-02 3.3879781420765e-03 8.7300546448087e-01 
142 1.5602836879433e-03 3.4042553191489e-03 1.5460992907801e-02 1.0085106382979e-01 8.7872340425532e-01 
143 2.9864253393665e-03 9.5294117647059e-02 1.6470588235294e-02 3.1674208144796e-03 8.8208144796380e-01 
144 2.0994475138122e-03 2.4309392265193e-03 6.4088397790055e-02 2.1988950276243e-02 9.0939226519337e-01 
145 7.4320987654321e-02 1.1226337448560e-01 1.0419753086420e-01 6.1728395061728e-03 7.0304526748971e-01 
146 1.5033557046980e-02 1.0738255033557e-02 2.3221476510067e-02 8.3892617449664e-02 8.6711409395973e-01 
147 1.3559322033898e-02 3.3898305084746e-03 3.3898305084746e-03 4.3728813559322e-02 9.3593220338983e-01 
148 6.9950738916256e-03 1.2551724137931e-01 4.4334975369458e-03 2.3645320197044e-03 8.6068965517241e-01 
149 1.2682926829268e-03 1.5609756097561e-03 7.8048780487805e-03 1.4517073170732e-01 8.4419512195122e-01 
150 9.8431372549020e-02 2.3529411764706e-03 2.4836601307190e-03 3.6601307189543e-03 8.9307189542484e-01 
151 7.7419354838710e-03 3.2451612903226e-01 8.5161290322581e-02 6.3225806451613e-02 5.1935483870968e-01 
152 2.4844720496894e-03 4.0981366459627e-01 1.7391304347826e-03 1.3888198757764e-01 4.4708074534161e-01 
153 1.0612244897959e-03 1.2555102040816e-01 5.1428571428571e-03 5.2489795918367e-02 8.1575510204082e-01 
154 4.7589743589744e-02 9.9487179487180e-03 2.2461538461538e-02 1.7230769230769e-02 9.0276923076923e-01 
155 1.6058394160584e-03 2.0437956204380e-03 1.4598540145985e-03 1.6058394160584e-03 9.9328467153285e-01 
156 1.0585365853659e-01 4.8780487804878e-03 4.8780487804878e-03 5.8536585365854e-03 8.7853658536585e-01 
157 1.6402116402116e-02 8.2433862433862e-02 5.4285714285714e-02 7.9576719576720e-02 7.6730158730159e-01 
158 3.1155778894472e-03 2.4623115577889e-02 9.8492462311558e-03 2.7135678391960e-03 9.5969849246231e-01 
159 4.1904761904762e-03 3.0476190476190e-03 1.4019047619048e-01 2.8190476190476e-02 8.2438095238095e-01 
160 1.1267605633803e-03 3.3802816901408e-03 5.0892018779343e-02 2.0901408450704e-01 7.3558685446009e-01 
161 2.5427230046948e-01 1.2206572769953e-03 6.6948356807512e-02 1.9352112676056e-01 4.8403755868545e-01 
162 2.8744588744589e-02 1.8043290043290e-01 4.5627705627706e-02 3.0995670995671e-02 7.1419913419913e-01 
163 3.5807860262009e-02 8.7336244541485e-03 1.8340611353712e-03 2.1205240174672e-01 7.4157205240175e-01 
164 4.1269841269841e-03 3.1746031746032e-03 5.7142857142857e-03 3.1746031746032e-03 9.8380952380953e-01 
165 5.9872611464968e-02 8.6624203821656e-03 1.2738853503185e-03 3.2611464968153e-02 8.9757961783440e-01 
166 1.4978723404255e-02 2.4680851063830e-02 1.3787234042553e-01 9.0042553191489e-02 7.3242553191489e-01 
167 6.4566929133858e-03 2.0472440944882e-03 2.0472440944882e-03 5.6692913385827e-03 9.8377952755905e-01 
168 1.2769953051643e-02 1.6901408450704e-03 6.7605633802817e-02 3.2863849765258e-02 8.8507042253521e-01 
169 1.7699115044248e-03 2.1238938053097e-03 1.8761061946903e-02 3.8053097345133e-02 9.3929203539823e-01 
170 2.6262626262626e-03 8.2828282828283e-03 3.6363636363636e-03 2.0202020202020e-03 9.8343434343434e-01 
171 2.5263157894737e-03 6.6168421052632e-01 6.3157894736842e-02 7.3894736842105e-02 1.9873684210526e-01 
172 3.0301886792453e-01 4.3622641509434e-01 1.5660377358491e-01 9.8490566037736e-02 5.6603773584906e-03 
173 2.2018348623853e-03 2.6605504587156e-02 6.0550458715596e-03 1.8348623853211e-03 9.6330275229358e-01 
174 6.1452513966481e-03 2.6815642458101e-03 1.6201117318436e-02 2.6033519553073e-02 9.4893854748603e-01 
175 6.7515923566879e-02 2.1656050955414e-03 1.0000000000000e-01 2.6751592356688e-03 8.2764331210191e-01 
176 1.0810810810811e-01 3.2432432432432e-03 1.8396396396396e-01 1.9819819819820e-03 7.0270270270270e-01 
177 1.5037593984962e-03 1.5037593984962e-03 1.5037593984962e-03 1.6541353383459e-03 9.9383458646616e-01 
178 2.0394366197183e-01 1.2206572769953e-03 6.3380281690141e-02 7.2206572769953e-02 6.5924882629108e-01 
179 3.5754189944134e-03 1.3407821229050e-03 1.1061452513966e-02 2.5698324022346e-03 9.8145251396648e-01 
180 7.1727748691100e-02 5.7591623036649e-03 2.5968586387435e-02 7.0157068062827e-03 8.8952879581152e-01 
181 2.3943661971831e-02 3.6535211267606e-01 3.0985915492958e-03 6.9295774647887e-02 5.3830985915493e-01 
182 3.6923076923077e-03 1.9815384615385e-01 1.2738461538462e-01 3.3846153846154e-02 6.3692307692308e-01 
183 1.9138755980861e-03 4.5933014354067e-03 4.4019138755981e-02 1.0976076555024e-01 8.3971291866029e-01 
184 8.7782805429864e-03 8.8325791855204e-02 1.2190045248869e-01 1.6289592760181e-03 7.7936651583710e-01 
185 4.6511627906977e-03 2.3255813953488e-03 4.8062015503876e-03 1.5860465116279e-01 8.2961240310078e-01 
186 3.6619718309859e-03 6.0845070422535e-02 1.2112676056338e-02 1.7746478873239e-01 7.4591549295775e-01 
187 1.6330097087379e-01 2.3300970873786e-03 1.9417475728155e-03 6.6019417475728e-03 8.2582524271845e-01 
188 1.5522388059701e-02 8.3482587064677e-02 1.5412935323383e-01 1.1532338308458e-01 6.3154228855721e-01 
189 2.9629629629630e-03 1.0790123456790e-01 3.0617283950617e-02 2.4691358024691e-03 8.5604938271605e-01 
190 2.7513227513227e-03 1.9957671957672e-01 3.2698412698413e-02 1.4444444444444e-01 6.2052910052910e-01 
191 2.4000000000000e-02 3.6363636363636e-03 4.0000000000000e-03 2.5927272727273e-01 7.0909090909091e-01 
192 2.3529411764706e-03 2.5210084033613e-03 1.6806722689076e-03 1.6806722689076e-03 9.9176470588235e-01 
193 1.5503875968992e-03 3.4108527131783e-03 2.6356589147287e-03 8.3565891472868e-02 9.0883720930233e-01 
194 8.8154269972452e-04 8.8154269972452e-03 2.6446280991736e-03 1.1961432506887e-01 8.6804407713499e-01 
195 2.8860759493671e-02 3.0126582278481e-02 4.0506329113924e-03 9.1392405063291e-02 8.4556962025317e-01 
196 2.8915662650602e-03 2.3542168674699e-01 5.0602409638554e-03 3.3734939759036e-03 7.5325301204819e-01 
197 9.9585062240664e-04 2.8215767634855e-03 9.0539419087137e-02 4.6224066390042e-02 8.5941908713693e-01 
198 2.3529411764706e-03 1.7815126050420e-02 1.6806722689076e-03 4.3697478991597e-03 9.7378151260504e-01 
199 3.6809815950920e-03 1.2269938650307e-02 3.9263803680982e-03 6.4417177914110e-02 9.1570552147239e-01 
200 4.6222222222222e-01 1.6296296296296e-02 8.8888888888889e-03 7.4074074074074e-03 5.0518518518518e-01 
201 1.6000000000000e-03 5.1222857142857e-01 1.1428571428571e-02 1.2571428571429e-03 4.7348571428571e-01 
202 3.4831460674157e-02 2.2471910112360e-03 2.5303370786517e-01 9.5955056179775e-02 6.1393258426966e-01 
203 2.9523809523809e-02 2.7047619047619e-02 4.1904761904762e-03 3.2380952380952e-03 9.3600000000000e-01 
204 1.7801047120419e-03 4.3455497382199e-02 6.2827225130890e-03 1.8198952879581e-01 7.6649214659686e-01 
205 1.7466063348416e-01 2.2624434389140e-02 4.9321266968326e-02 9.1402714932127e-02 6.6199095022624e-01 
206 7.1615720524017e-03 5.1441048034935e-02 5.9388646288210e-03 3.9982532751092e-01 5.3563318777293e-01 
207 7.3891625615764e-03 3.4482758620690e-03 9.3596059113300e-03 6.4630541871921e-02 9.1517241379310e-01 
208 2.8847457627119e-01 5.5367231638418e-03 9.9887005649717e-02 1.7514124293785e-02 5.8858757062147e-01 
209 1.5757575757576e-03 1.5006060606061e-01 1.5478787878788e-01 5.8181818181818e-03 6.8775757575758e-01 
210 5.1595330739300e-02 1.3151750972763e-02 2.4902723735409e-03 9.2607003891051e-03 9.2350194552529e-01 
211 3.0753768844221e-02 1.3065326633166e-02 1.2361809045226e-02 1.3266331658291e-02 9.3055276381910e-01 
212 1.1111111111111e-02 7.2478632478632e-02 3.5897435897436e-03 2.2222222222222e-03 9.1059829059829e-01 
213 6.8341708542714e-03 9.1758793969849e-02 2.7135678391960e-03 1.0944723618090e-01 7.8924623115578e-01 
214 1.8558558558559e-02 3.5459459459459e-01 2.3423423423423e-02 4.3243243243243e-03 5.9909909909910e-01 
215 2.2497297297297e-01 1.2324324324324e-02 3.1351351351351e-03 3.8270270270270e-02 7.2129729729730e-01 
216 2.3602484472050e-03 1.7391304347826e-03 5.6645962732919e-02 1.6149068322981e-03 9.3763975155280e-01 
217 3.8172588832487e-02 1.0741116751269e-01 1.8223350253807e-01 3.4213197969543e-02 6.3796954314721e-01 
218 1.6708860759494e-02 1.0548523206751e-02 1.5189873417722e-03 7.6877637130802e-02 8.9434599156118e-01 
219 3.0243902439024e-03 4.2926829268293e-03 9.0731707317073e-03 3.6097560975610e-03 9.8000000000000e-01 
220 3.4408602150538e-03 1.6473118279570e-01 3.4408602150538e-03 2.2924731182796e-01 5.9913978494624e-01 
221 1.2612612612613e-02 3.6036036036036e-03 6.5405405405405e-02 2.1621621621622e-03 9.1621621621622e-01 
222 1.3286486486486e-01 2.8108108108108e-03 5.8918918918919e-02 1.5135135135135e-03 8.0389189189189e-01 
223 8.2474226804124e-03 3.1525773195876e-01 4.5360824742268e-03 3.9175257731959e-03 6.6804123711340e-01 
224 1.0727969348659e-03 6.4521072796935e-02 3.2183908045977e-03 1.9333333333333e-01 7.3785440613027e-01 
225 1.0256410256410e-03 1.3333333333333e-03 5.6102564102564e-02 2.1538461538462e-03 9.3938461538462e-01 
226 1.2269938650307e-03 4.7852760736196e-03 6.1349693251534e-03 1.4110429447853e-02 9.7374233128834e-01 
227 1.5037593984962e-03 1.4691729323308e-01 1.2481203007519e-02 4.0330827067669e-01 4.3578947368421e-01 
228 1.5483870967742e-03 1.7212903225806e-01 1.7393548387097e-01 1.4838709677419e-02 6.3754838709677e-01 
229 2.7004608294931e-02 5.3364055299539e-02 9.2165898617511e-03 8.3870967741935e-03 9.0202764976959e-01 
230 2.2222222222222e-03 6.8848484848485e-01 2.8282828282828e-03 2.6262626262626e-03 3.0383838383838e-01 
231 3.2558139534884e-03 1.4263565891473e-02 4.5116279069767e-02 1.5503875968992e-03 9.3581395348837e-01 
232 6.8639053254438e-03 4.0236686390532e-03 3.3136094674556e-03 8.5917159763314e-02 8.9988165680473e-01 
233 1.2515337423313e-02 1.4478527607362e-02 4.0245398773006e-02 1.1791411042945e-01 8.1484662576687e-01 
234 8.2392344497608e-02 5.2631578947368e-03 4.7846889952153e-02 1.7416267942584e-02 8.4708133971292e-01 
235 5.0660792951542e-02 1.3215859030837e-02 1.5947136563877e-02 4.7577092511013e-03 9.1541850220264e-01 
236 2.1463414634146e-03 2.9531707317073e-01 2.8292682926829e-03 9.4048780487805e-02 6.0565853658537e-01 
237 8.6956521739130e-03 2.0869565217391e-02 1.3217391304348e-01 1.9130434782609e-02 8.1913043478261e-01 
238 2.0284360189573e-02 6.0663507109005e-03 6.7298578199052e-03 4.2464454976303e-02 9.2445497630332e-01 
239 2.0143884892086e-03 3.4258992805755e-01 2.0143884892086e-03 1.1165467625899e-01 5.4172661870504e-01 
240 2.8732394366197e-02 9.1079812206573e-03 4.9389671361502e-02 4.1314553990610e-03 9.0863849765258e-01 
241 5.4890510948905e-02 2.9197080291971e-03 2.0437956204380e-03 2.0729927007299e-02 9.1941605839416e-01 
242 1.7054263565891e-03 4.8062015503876e-03 1.1472868217054e-02 9.7829457364341e-02 8.8418604651163e-01 
243 2.3655913978495e-03 4.4645161290323e-01 2.3655913978495e-03 3.1397849462366e-02 5.1741935483871e-01 
244 1.3588785046729e-01 3.1775700934579e-03 1.8691588785047e-03 3.9252336448598e-03 8.5514018691589e-01 
245 9.0410958904110e-03 3.8356164383562e-03 6.3013698630137e-03 1.1780821917808e-02 9.6904109589041e-01 
246 1.0582010582011e-03 2.5820105820106e-02 1.2698412698413e-03 3.3862433862434e-03 9.6846560846561e-01 
247 4.0284360189573e-02 2.1800947867299e-03 2.1611374407583e-02 4.3033175355450e-02 8.9289099526066e-01 
248 1.0507614213198e-01 2.1319796954315e-03 1.0497461928934e-01 1.2081218274112e-02 7.7573604060914e-01 
249 1.7511520737327e-03 2.8755760368664e-02 1.4746543778802e-03 3.8709677419355e-03 9.6414746543779e-01 
250 3.2436681222707e-01 4.6288209606987e-03 6.4803493449782e-02 3.1441048034934e-03 6.0305676855895e-01 
251 2.0512820512820e-03 3.5538461538462e-01 1.1794871794872e-01 1.8803418803419e-03 5.2273504273504e-01 
252 2.3157894736842e-03 2.9473684210526e-03 6.9473684210526e-03 2.9473684210526e-03 9.8484210526316e-01 
253 3.1325301204819e-03 6.7469879518072e-03 2.8915662650602e-03 2.4096385542169e-03 9.8481927710843e-01 
254 1.9417475728155e-03 9.7087378640777e-03 2.5242718446602e-03 1.9417475728155e-03 9.8388349514563e-01 
255 1.6551724137931e-03 3.5365517241379e-01 1.6193103448276e-01 1.6551724137931e-03 4.8110344827586e-01 
256 8.5245901639344e-03 3.2786885245902e-03 3.6065573770492e-03 3.6065573770492e-03 9.8098360655738e-01 
257 3.1111111111111e-03 5.0577777777778e-02 1.7635555555556e-01 8.9777777777778e-03 7.6097777777778e-01 
258 1.2826666666667e-01 1.4400000000000e-02 5.3866666666667e-02 2.9333333333333e-03 8.0053333333333e-01 
259 2.0696517412935e-01 1.7910447761194e-03 1.2975124378109e-01 4.5970149253731e-02 6.1552238805970e-01 
260 2.4215246636771e-03 3.4977578475336e-03 2.9596412556054e-02 1.4349775784753e-03 9.6304932735426e-01 
261 2.5742574257426e-03 1.0099009900990e-02 2.3762376237624e-03 2.5742574257426e-03 9.8237623762376e-01 
262 8.1434977578475e-02 4.1793721973094e-02 8.4484304932735e-02 1.1282511210762e-01 6.7946188340807e-01 
263 6.6952789699571e-03 1.4961373390558e-01 4.1459227467811e-02 1.4137339055794e-01 6.6085836909871e-01 
264 2.3529411764706e-03 2.5882352941177e-03 2.3529411764706e-03 2.3529411764706e-03 9.9035294117647e-01 
265 3.4862385321101e-03 3.6697247706422e-03 3.1192660550459e-03 6.8440366972477e-02 9.2128440366973e-01 
266 1.4469483568075e-01 1.1267605633803e-03 1.5408450704225e-01 2.9765258215962e-02 6.7032863849765e-01 
267 1.5627906976744e-02 1.6279069767442e-01 2.0186046511628e-02 1.5813953488372e-02 7.8558139534884e-01 
268 4.1355932203390e-02 7.5706214689266e-03 7.0282485875706e-02 1.0621468926554e-02 8.7016949152542e-01 
269 5.9253112033195e-02 3.2365145228216e-03 8.5477178423237e-03 2.0746887966805e-03 9.2688796680498e-01 
270 3.2486772486772e-02 2.3396825396825e-01 3.9153439153439e-03 1.3862433862434e-02 7.1576719576720e-01 
271 3.9790575916230e-03 8.5759162303665e-02 4.0418848167539e-02 3.7591623036649e-02 8.3225130890052e-01 
272 1.9548872180451e-03 8.5714285714286e-03 9.2781954887218e-02 1.8045112781955e-03 8.9488721804511e-01 
273 2.2784810126582e-03 1.9409282700422e-02 5.5864978902954e-02 1.0784810126582e-01 8.1459915611814e-01 
274 9.4751131221719e-02 3.8914027149321e-02 6.9683257918552e-03 2.4253393665158e-02 8.3511312217195e-01 
275 6.5559845559846e-02 1.6988416988417e-03 2.5482625482625e-02 1.4463320463320e-01 7.6262548262548e-01 
276 2.7368421052632e-03 1.2273684210526e-01 2.3157894736842e-03 1.1094736842105e-01 7.6126315789474e-01 
277 5.0717703349282e-03 2.0095693779904e-03 1.6746411483254e-02 7.1674641148325e-02 9.0449760765550e-01 
278 7.1604938271605e-03 6.5432098765432e-02 4.9382716049383e-02 7.6790123456790e-02 8.0123456790123e-01 
279 7.6923076923077e-02 4.5538461538461e-02 3.6923076923077e-03 6.4615384615385e-03 8.6738461538462e-01 
280 1.3173652694611e-03 2.4550898203593e-02 8.6227544910180e-03 2.7544910179641e-03 9.6275449101796e-01 
281 1.4035087719298e-03 1.9883040935672e-03 2.3391812865497e-03 7.0526315789474e-02 9.2374269005848e-01 
282 1.0261780104712e-02 1.4041884816754e-01 9.4240837696335e-03 1.1162303664921e-01 7.2827225130890e-01 
283 2.2222222222222e-03 1.1070707070707e-01 1.2646464646465e-01 2.2222222222222e-03 7.5838383838384e-01 
284 2.0103626943005e-02 1.8652849740933e-03 9.2020725388601e-02 2.2082901554404e-01 6.6518134715026e-01 
285 4.8087431693989e-03 2.9508196721311e-03 5.7923497267760e-02 2.9508196721311e-03 9.3136612021858e-01 
286 1.2161616161616e-01 4.4444444444444e-03 1.5757575757576e-01 2.0202020202020e-03 7.1434343434343e-01 
287 6.3886639676114e-02 9.9028340080972e-02 2.0080971659919e-02 8.0242914979757e-02 7.3676113360324e-01 
288 3.1608391608392e-02 1.6783216783217e-03 2.0979020979021e-03 6.2097902097902e-02 9.0251748251748e-01 
289 8.2666666666667e-02 3.7333333333333e-03 4.2666666666667e-03 1.9973333333333e-01 7.0960000000000e-01 
290 5.3481481481482e-02 1.0518518518519e-02 2.9629629629630e-03 1.4814814814815e-03 9.3155555555556e-01 
291 1.0945273631841e-03 1.2935323383085e-03 1.5223880597015e-02 2.2885572139304e-03 9.8009950248756e-01 
292 1.7647058823529e-02 3.7219251336898e-02 1.8181818181818e-03 5.1443850267380e-02 8.9187165775401e-01 
293 3.6697247706422e-03 7.7064220183486e-03 1.4128440366972e-02 2.0183486238532e-03 9.7247706422018e-01 
294 1.9052132701422e-02 1.4028436018957e-02 3.6682464454976e-02 3.3270142180095e-02 8.9696682464455e-01 
295 2.4657534246575e-03 1.6785388127854e-01 6.8675799086758e-02 7.6712328767123e-03 7.5333333333333e-01 
296 9.8507462686567e-03 1.1253731343284e-01 3.5820895522388e-03 5.0149253731343e-02 8.2388059701493e-01 
297 5.5813953488372e-03 1.9441860465116e-02 1.7674418604651e-03 3.2465116279070e-02 9.4074418604651e-01 
298 2.1052631578947e-03 3.7593984962406e-03 1.5037593984962e-03 1.5037593984962e-03 9.9112781954887e-01 
299 4.8971962616822e-02 1.5887850467290e-02 2.9906542056075e-03 2.1869158878505e-01 7.1345794392523e-01 
300 3.2131147540984e-02 1.2459016393443e-02 3.2786885245902e-03 8.3606557377049e-02 8.6852459016393e-01 
301 1.2182741116751e-03 1.5715736040609e-01 3.9593908629442e-03 9.0456852791878e-02 7.4720812182741e-01 
302 8.5470085470086e-03 2.0512820512820e-03 2.6495726495726e-02 1.2649572649573e-02 9.5025641025641e-01 
303 1.9607843137255e-03 1.5686274509804e-03 3.0065359477124e-03 2.2091503267974e-02 9.7137254901961e-01 
304 1.7777777777778e-02 2.4512820512821e-01 7.1794871794872e-03 1.7094017094017e-03 7.2820512820513e-01 
305 3.3502538071066e-03 5.4111675126904e-02 2.3776649746193e-01 5.7868020304568e-03 6.9898477157360e-01 
306 2.5287356321839e-03 2.2988505747126e-03 2.2988505747126e-03 2.5287356321839e-03 9.9034482758620e-01 
307 1.1746606334842e-01 6.0633484162896e-03 9.0497737556561e-04 1.1040723981900e-02 8.6452488687783e-01 
308 1.3333333333333e-02 1.1289617486339e-01 8.4590163934426e-02 7.2131147540984e-03 7.8196721311475e-01 
309 4.9392265193370e-02 2.7513812154696e-02 1.6574585635359e-03 1.4364640883978e-03 9.2000000000000e-01 
310 2.7032967032967e-02 8.4395604395604e-02 1.0373626373626e-01 2.8571428571429e-03 7.8197802197802e-01 
311 1.3854077253219e-01 5.9227467811159e-03 3.1759656652361e-03 2.1373390557940e-02 8.3098712446352e-01 
312 7.4666666666667e-02 1.2952380952381e-01 3.3142857142857e-02 1.6952380952381e-02 7.4571428571429e-01 
313 1.5189873417722e-03 1.4202531645570e-01 5.0632911392405e-03 2.1004219409283e-01 6.4135021097046e-01 
314 3.4560000000000e-02 2.5600000000000e-03 7.6800000000000e-02 5.1200000000000e-03 8.8096000000000e-01 
315 1.6774193548387e-03 1.6774193548387e-03 7.4838709677419e-03 2.2400000000000e-01 7.6516129032258e-01 
316 5.2871287128713e-02 3.7029702970297e-01 6.1386138613861e-03 3.1881188118812e-02 5.3881188118812e-01 
317 3.9826839826840e-03 6.0692640692641e-02 4.5714285714286e-02 2.4588744588745e-02 8.6502164502164e-01 
318 6.0215053763441e-03 3.2258064516129e-03 2.5591397849462e-02 1.6129032258065e-02 9.4903225806452e-01 
319 2.1319796954315e-03 5.8883248730964e-02 6.9035532994924e-03 1.8142131979695e-01 7.5065989847716e-01 
320 2.0091324200913e-03 4.4748858447489e-03 1.5707762557078e-02 4.9954337899543e-02 9.2785388127854e-01 
321 2.7586206896552e-03 3.9563218390805e-01 2.5287356321839e-03 1.6781609195402e-02 5.8229885057471e-01 
322 1.4000000000000e-01 1.6528925619835e-03 2.1487603305785e-03 1.8181818181818e-03 8.5438016528926e-01 
323 1.0572687224670e-03 1.4096916299559e-03 3.0837004405286e-03 8.8105726872246e-04 9.9356828193833e-01 
324 2.1714285714286e-02 8.9959183673469e-02 5.8448979591837e-02 9.8040816326531e-02 7.3183673469388e-01 
325 3.3846153846154e-03 3.7261538461538e-01 6.2153846153846e-02 3.3846153846154e-03 5.5846153846154e-01 
326 3.8172588832487e-02 6.4060913705584e-02 5.4213197969543e-02 9.6446700507614e-03 8.3390862944162e-01 
327 6.2325581395349e-03 4.5581395348837e-03 7.3116279069767e-02 5.3023255813953e-03 9.1079069767442e-01 
328 3.4710743801653e-03 1.9834710743802e-03 3.7355371900826e-02 5.2066115702479e-02 9.0512396694215e-01 
329 2.8915662650602e-03 1.2746987951807e-01 4.0963855421687e-03 1.3975903614458e-02 8.5156626506024e-01 
330 2.6971962616822e-01 2.2429906542056e-03 2.8037383177570e-03 1.8691588785047e-03 7.2336448598131e-01 
331 3.8834951456311e-03 4.2524271844660e-02 3.2116504854369e-01 1.9417475728155e-03 6.3048543689320e-01 
332 1.7679558011050e-03 4.4198895027624e-03 6.0773480662983e-03 3.5359116022099e-03 9.8419889502763e-01 
333 3.9588477366255e-02 4.4444444444445e-03 3.5390946502058e-03 4.1975308641975e-03 9.4823045267490e-01 
334 1.5593220338983e-02 3.3898305084746e-03 3.3898305084746e-03 3.7288135593220e-03 9.7389830508475e-01 
335 1.7094017094017e-03 2.0512820512820e-03 1.7094017094017e-03 1.7094017094017e-03 9.9282051282051e-01 
336 9.1160220994475e-02 1.1270718232044e-02 1.4696132596685e-02 5.3038674033149e-03 8.7756906077348e-01 
337 2.7586206896552e-03 2.5287356321839e-03 3.0574712643678e-02 2.9885057471264e-03 9.6114942528736e-01 
338 2.0627802690583e-03 4.9865470852018e-02 4.3946188340807e-03 2.4304932735426e-02 9.1937219730942e-01 
339 3.1192660550459e-03 8.0183486238532e-02 2.1651376146789e-02 6.9541284403670e-02 8.2550458715596e-01 
340 1.7668161434978e-02 2.1524663677130e-03 1.7937219730942e-03 4.6636771300448e-02 9.3174887892377e-01 
341 6.1176470588235e-03 4.4705882352941e-03 3.2941176470588e-03 2.3529411764706e-03 9.8376470588235e-01 
342 2.8865979381443e-03 7.6288659793814e-03 2.0618556701031e-03 2.4742268041237e-03 9.8494845360825e-01 
343 1.8045112781955e-03 5.4135338345865e-02 1.5037593984962e-03 3.8300751879699e-01 5.5954887218045e-01 
344 2.4390243902439e-03 8.7804878048780e-03 4.1853658536585e-02 7.8048780487805e-03 9.3912195121951e-01 
345 9.8046511627907e-02 4.6511627906977e-03 9.3023255813954e-04 1.4883720930233e-03 8.9488372093023e-01 
346 4.4131455399061e-03 9.6713615023474e-03 1.7558685446009e-01 7.4084507042253e-02 7.3624413145540e-01 
347 2.6911392405063e-01 2.5316455696203e-03 2.5316455696203e-03 2.5316455696203e-03 7.2329113924051e-01 
348 4.7368421052632e-02 3.7990430622010e-02 3.7511961722488e-02 5.5502392344498e-03 8.7157894736842e-01 
349 3.2098765432099e-03 2.2790123456790e-01 1.1604938271605e-02 3.1259259259259e-01 4.4469135802469e-01 
350 1.7094017094017e-03 1.8854700854701e-01 2.5641025641026e-03 1.4290598290598e-01 6.6427350427350e-01 
351 4.8000000000000e-02 1.8461538461538e-03 6.7692307692308e-03 8.0000000000000e-03 9.3538461538462e-01 
352 9.3714285714286e-03 2.5485714285714e-02 5.3371428571429e-02 3.5657142857143e-02 8.7611428571429e-01 
353 8.5844748858448e-03 7.8538812785388e-03 6.0913242009132e-02 2.4383561643836e-02 8.9826484018265e-01 
354 3.4285714285714e-02 6.5306122448980e-03 4.8979591836735e-03 1.0040816326531e-01 8.5387755102041e-01 
355 1.7218543046358e-03 3.3112582781457e-03 2.5165562913907e-03 1.2039735099338e-01 8.7205298013245e-01 
356 4.5700483091787e-02 1.8357487922705e-03 9.6618357487923e-03 2.4154589371981e-03 9.4038647342995e-01 
357 3.1168831168831e-03 9.2467532467532e-02 2.8571428571429e-03 2.8571428571429e-01 6.1584415584416e-01 
358 1.8947368421053e-02 3.8596491228070e-03 4.9122807017544e-03 3.5087719298246e-03 9.6877192982456e-01 
359 2.7281105990783e-02 4.3410138248848e-02 3.1336405529954e-03 3.0414746543779e-03 9.2313364055300e-01 
360 3.1724137931034e-03 8.0000000000000e-03 1.4055172413793e-01 1.5172413793103e-03 8.4675862068966e-01 
361 2.7085201793722e-02 3.2286995515695e-03 5.3721973094170e-02 4.2152466367713e-03 9.1174887892377e-01 
362 1.4814814814815e-03 4.1437037037037e-01 3.7629629629630e-02 1.4814814814815e-03 5.4503703703704e-01 
363 2.9457364341085e-03 6.5534883720930e-01 1.8604651162791e-03 6.8217054263566e-03 3.3302325581395e-01 
364 5.7918552036199e-03 1.7194570135747e-03 2.2895927601810e-02 2.6244343891403e-03 9.6696832579185e-01 
365 2.5316455696203e-03 2.0126582278481e-01 2.8835443037975e-01 3.1392405063291e-02 4.7645569620253e-01 
366 2.0444444444444e-03 1.7395555555556e-01 9.5733333333333e-02 4.5333333333333e-03 7.2373333333333e-01 
367 5.0569105691057e-02 8.2113821138211e-02 1.0081300813008e-02 1.7886178861789e-03 8.5544715447155e-01 
368 2.2471910112360e-03 2.2471910112360e-03 5.8651685393258e-02 2.2471910112360e-03 9.3460674157303e-01 
369 2.3622047244095e-03 2.2047244094488e-03 2.4251968503937e-02 1.7322834645669e-03 9.6944881889764e-01 
370 2.2242152466368e-02 1.2286995515695e-02 5.5246636771301e-02 2.4035874439462e-02 8.8618834080717e-01 
371 6.1904761904762e-02 1.3918367346939e-01 8.5714285714286e-03 6.0952380952381e-02 7.2938775510204e-01 
372 2.0645161290323e-02 1.7849462365591e-01 1.3548387096774e-02 9.9354838709677e-02 6.8795698924731e-01 
373 1.3014925373134e-01 1.8805970149254e-02 4.1194029850746e-02 1.5920398009950e-03 8.0825870646766e-01 
374 7.6051502145923e-02 7.1845493562232e-02 5.6652360515021e-03 1.2017167381974e-03 8.4523605150215e-01 
375 9.3617021276596e-04 4.1531914893617e-02 3.5744680851064e-03 2.5114893617021e-01 7.0280851063830e-01 
376 2.5333333333333e-02 1.7777777777778e-03 7.4755555555555e-02 8.6755555555555e-02 8.1137777777778e-01 
377 1.7600000000000e-03 4.7360000000000e-02 3.6800000000000e-03 1.9600000000000e-01 7.5120000000000e-01 
378 1.0813397129187e-02 5.1674641148325e-03 6.9760765550239e-02 8.6698564593301e-02 8.2755980861244e-01 
379 1.0126582278481e-02 2.7088607594937e-02 1.6455696202532e-02 1.0734177215190e-01 8.3898734177215e-01 
380 2.7350427350427e-03 8.7179487179487e-03 1.8803418803419e-03 2.7692307692308e-01 7.0974358974359e-01 
381 1.6969696969697e-03 1.4084848484848e-01 3.3212121212121e-02 4.7151515151515e-02 7.7709090909091e-01 
