0 9.7560975609756e-02 2.7317073170732e-03 7.0634146341463e-02 7.9512195121951e-02 7.4956097560976e-01 
1 1.3173652694611e-03 1.4371257485030e-03 1.3173652694611e-03 1.1976047904192e-03 9.9473053892215e-01 
2 3.7288135593220e-03 9.8305084745763e-03 1.4847457627119e-01 4.4067796610169e-03 8.3355932203390e-01 
3 9.1906976744186e-02 2.1395348837209e-03 1.3023255813953e-03 3.9069767441860e-03 9.0074418604651e-01 
4 1.7322834645669e-03 1.5748031496063e-03 1.5748031496063e-03 5.1811023622047e-02 9.4330708661417e-01 
5 5.6707818930041e-02 2.1399176954733e-03 1.2526748971193e-01 2.4691358024691e-03 8.1341563786008e-01 
6 2.2243386243386e-01 6.3492063492063e-03 2.8571428571429e-03 1.0899470899471e-02 7.5746031746032e-01 
7 1.7322834645669e-03 1.8897637795276e-03 2.5196850393701e-03 1.7322834645669e-03 9.9212598425197e-01 
8 4.6511627906977e-03 1.2781395348837e-01 6.0465116279070e-03 5.1162790697674e-03 8.5637209302325e-01 
9 9.4786729857820e-04 1.2322274881517e-03 8.2464454976303e-03 1.2322274881517e-03 9.8834123222749e-01 
10 6.9868995633188e-03 1.4724890829694e-01 2.7074235807860e-03 9.2227074235808e-02 7.5082969432314e-01 
11 3.1219512195122e-03 3.2195121951220e-02 6.7317073170732e-02 2.2439024390244e-03 8.9512195121951e-01 
12 7.8243902439024e-02 1.1707317073171e-03 1.4146341463415e-02 3.3756097560976e-02 8.7268292682927e-01 
13 2.0186915887850e-02 1.8691588785047e-03 2.2429906542056e-03 1.8691588785047e-03 9.7383177570094e-01 
14 1.3086757990868e-01 1.7351598173516e-02 8.4018264840183e-03 4.8858447488585e-02 7.9452054794521e-01 
15 2.3157894736842e-03 2.1052631578947e-03 2.3157894736842e-03 2.1052631578947e-03 9.9115789473684e-01 
16 2.4598930481283e-03 1.4545454545455e-02 1.9465240641711e-02 2.4598930481283e-03 9.6106951871658e-01 
17 4.0449438202247e-03 4.8988764044944e-02 4.4943820224719e-03 1.4606741573034e-02 9.2786516853933e-01 
18 1.6053811659193e-02 5.0224215246637e-03 9.1121076233184e-02 1.0313901345291e-02 8.7748878923767e-01 
19 1.4723926380368e-03 3.8404907975460e-02 2.3312883435583e-03 1.6797546012270e-01 7.8981595092025e-01 
20 1.5842364532020e-01 1.4778325123153e-03 1.3399014778325e-02 1.3911330049261e-01 6.8758620689655e-01 
21 2.1238938053097e-03 2.3008849557522e-03 1.7699115044248e-03 9.3097345132743e-02 9.0070796460177e-01 
22 3.1466666666667e-02 5.7866666666667e-02 2.9333333333333e-03 2.9333333333333e-03 9.0480000000000e-01 
23 1.1695906432749e-03 1.1695906432749e-03 1.0046783625731e-01 1.1695906432749e-03 8.9602339181287e-01 
24 9.2217194570136e-02 8.0542986425339e-02 5.2488687782805e-03 1.0678733031674e-02 8.1131221719457e-01 
25 2.8985507246377e-03 2.8985507246377e-03 2.7362318840580e-01 2.8985507246377e-03 7.1768115942029e-01 
26 6.8246445497630e-03 1.0417061611374e-01 3.8104265402844e-02 6.3696682464455e-02 7.8720379146919e-01 
27 3.3846153846154e-03 3.0769230769231e-03 3.0769230769231e-03 3.0769230769231e-03 9.8738461538462e-01 
28 2.0183486238532e-03 2.9357798165138e-03 2.3853211009174e-03 1.8348623853211e-03 9.9082568807339e-01 
29 2.1848739495798e-03 4.5882352941176e-02 2.3529411764706e-03 2.7058823529412e-02 9.2252100840336e-01 
30 2.7397260273973e-03 3.0136986301370e-03 2.7397260273973e-03 2.7397260273973e-03 9.8876712328767e-01 
31 7.2085561497326e-02 7.6577540106952e-02 5.1764705882353e-02 4.2780748663102e-03 7.9529411764706e-01 
32 6.0000000000000e-02 6.7027027027027e-03 1.3297297297297e-02 9.5243243243243e-02 8.2475675675676e-01 
33 3.1884057971015e-03 3.4782608695652e-03 6.2608695652174e-02 6.9565217391304e-03 9.2376811594203e-01 
34 2.1487603305785e-03 1.6528925619835e-03 1.1867768595041e-01 1.9834710743802e-03 8.7553719008264e-01 
35 3.3142857142857e-03 2.4457142857143e-02 9.0400000000000e-02 3.4285714285714e-03 8.7840000000000e-01 
36 2.2950819672131e-03 1.6393442622951e-03 1.5300546448087e-03 4.3825136612022e-02 9.5071038251366e-01 
37 2.0895522388060e-03 4.4776119402985e-03 4.2985074626866e-02 1.7213930348259e-02 9.3323383084577e-01 
38 1.9784946236559e-02 2.1505376344086e-03 2.3655913978495e-03 2.1505376344086e-03 9.7354838709678e-01 
39 2.0994475138122e-03 1.2154696132597e-03 7.2928176795580e-03 1.0519337016575e-01 8.8419889502763e-01 
40 2.5296442687747e-03 8.3003952569170e-03 6.1976284584980e-02 1.3343873517787e-01 7.9375494071146e-01 
41 5.2197309417040e-02 5.4708520179372e-03 2.9955156950673e-02 4.5739910313901e-03 9.0780269058296e-01 
42 3.6363636363636e-03 3.6363636363636e-03 3.6363636363636e-03 3.6363636363636e-03 9.8545454545455e-01 
43 1.4869565217391e-01 2.7053140096618e-03 2.5120772946860e-03 2.0579710144928e-02 8.2550724637681e-01 
44 2.0952380952381e-03 2.2857142857143e-03 2.0952380952381e-03 1.9047619047619e-03 9.9161904761905e-01 
45 8.5888324873096e-02 4.2639593908629e-03 4.7715736040609e-03 6.5685279187817e-02 8.3939086294416e-01 
46 6.9942857142857e-02 5.7828571428571e-02 4.8571428571429e-02 2.2857142857143e-03 8.2137142857143e-01 
47 4.3349753694581e-02 6.2068965517241e-03 5.6945812807882e-02 6.7684729064039e-02 8.2581280788177e-01 
48 1.5200000000000e-02 7.7333333333334e-03 4.2666666666667e-03 3.2000000000000e-03 9.6960000000000e-01 
49 3.3644859813084e-03 2.6168224299065e-03 2.0560747663551e-03 2.0560747663551e-03 9.8990654205608e-01 
50 1.9047619047619e-03 2.8571428571429e-03 2.3238095238095e-02 2.2857142857143e-03 9.6971428571429e-01 
51 2.1487603305785e-03 1.8181818181818e-03 1.6528925619835e-03 1.6528925619835e-03 9.9272727272727e-01 
52 1.1883597883598e-01 1.6931216931217e-03 4.0211640211640e-03 2.1904761904762e-02 8.5354497354497e-01 
53 6.2439024390244e-03 4.8780487804878e-03 3.9024390243902e-03 5.8829268292683e-02 9.2614634146341e-01 
54 5.0246305418719e-03 1.9211822660099e-02 6.0197044334975e-02 5.9605911330049e-02 8.5596059113300e-01 
55 1.4096916299559e-03 1.0572687224670e-03 9.6916299559471e-04 9.6916299559471e-04 9.9559471365639e-01 
56 3.1884057971015e-03 3.1884057971015e-03 4.0579710144928e-03 3.7681159420290e-03 9.8579710144927e-01 
57 1.2850678733032e-02 2.0814479638009e-03 6.0723981900453e-02 2.6877828054299e-02 8.9746606334842e-01 
58 1.0394088669951e-01 2.9359605911330e-02 3.3497536945813e-02 5.9113300492611e-03 8.2729064039409e-01 
59 1.2173913043478e-02 1.0434782608696e-02 9.5652173913043e-03 9.5652173913043e-03 9.5826086956522e-01 
60 1.1764705882353e-02 1.1764705882353e-02 1.1764705882353e-02 1.2941176470588e-02 9.5176470588235e-01 
61 2.7860696517413e-03 2.8855721393035e-03 3.3134328358209e-02 3.4925373134328e-02 9.2626865671642e-01 
62 1.4857142857143e-03 6.0571428571428e-03 4.6971428571429e-02 1.7600000000000e-02 9.2788571428571e-01 
63 1.4341463414634e-02 9.3658536585366e-03 6.8487804878049e-02 1.2663414634146e-01 7.8117073170732e-01 
64 1.3031674208145e-02 1.5384615384615e-03 5.8099547511312e-02 2.7963800904977e-02 8.9936651583710e-01 
65 1.2080536912752e-02 1.4765100671141e-02 4.3489932885906e-02 1.6107382550336e-02 9.1355704697987e-01 
66 1.7266187050360e-03 2.9784172661871e-02 1.5827338129496e-03 1.4388489208633e-03 9.6546762589928e-01 
67 6.8000000000000e-02 2.3534883720930e-02 5.9534883720930e-03 6.8186046511628e-02 8.3432558139535e-01 
68 2.4175824175824e-03 2.4175824175824e-03 2.1978021978022e-03 2.1978021978022e-03 9.9076923076923e-01 
69 1.8691588785047e-03 1.8691588785047e-03 1.8691588785047e-03 1.8691588785047e-03 9.9252336448598e-01 
70 3.6271186440678e-02 2.8248587570621e-03 1.5254237288136e-02 9.0508474576271e-02 8.5514124293785e-01 
71 1.1363184079602e-01 4.8756218905473e-03 6.1691542288557e-03 1.3930348258706e-03 8.7393034825871e-01 
72 1.8224215246637e-01 3.8565022421525e-03 1.3452914798206e-03 5.6502242152466e-03 8.0690582959641e-01 
73 2.9333333333333e-03 4.9600000000000e-02 2.6666666666667e-03 2.6666666666667e-03 9.4213333333333e-01 
74 1.7449664429530e-03 1.3422818791946e-03 1.3422818791946e-03 1.3422818791946e-03 9.9422818791947e-01 
75 1.5503875968992e-03 1.8604651162791e-03 1.6635658914729e-01 3.4108527131783e-03 8.2682170542636e-01 
76 2.4489795918367e-03 9.2380952380952e-02 2.0408163265306e-03 6.5850340136054e-02 8.3727891156463e-01 
77 7.9672131147541e-02 3.2786885245902e-03 3.9344262295082e-03 1.2459016393443e-02 9.0065573770492e-01 
78 1.0731707317073e-03 8.5463414634146e-02 2.8292682926829e-03 4.0000000000000e-03 9.0663414634146e-01 
79 1.4141414141414e-02 3.2323232323232e-03 3.4343434343434e-03 9.3131313131313e-02 8.8606060606060e-01 
80 1.9512195121951e-03 1.7886178861789e-03 1.6260162601626e-03 1.6260162601626e-03 9.9300813008130e-01 
81 1.8090452261306e-02 2.5125628140703e-02 5.5276381909548e-02 7.9296482412060e-02 8.2221105527638e-01 
82 3.0136986301370e-03 7.6712328767123e-03 3.0136986301370e-03 3.8356164383562e-03 9.8246575342466e-01 
83 1.2121212121212e-03 1.5757575757576e-03 6.1818181818182e-03 5.2000000000000e-02 9.3903030303030e-01 
84 4.5531914893617e-02 6.8085106382979e-03 1.2340425531915e-02 2.8510638297872e-02 9.0680851063830e-01 
85 1.7548387096774e-02 2.7096774193548e-03 2.0645161290323e-03 1.2903225806452e-03 9.7638709677419e-01 
86 1.1926380368098e-01 7.7300613496933e-03 5.3742331288344e-02 5.4110429447853e-02 7.6515337423313e-01 
87 6.3282051282051e-02 4.7179487179487e-03 2.0307692307692e-02 3.2820512820513e-02 8.7887179487179e-01 
88 4.6808510638298e-03 2.7787234042553e-01 3.3191489361702e-02 6.3829787234043e-03 6.7787234042553e-01 
89 3.3160621761658e-03 2.4663212435233e-02 1.6580310880829e-03 8.2590673575130e-02 8.8777202072539e-01 
90 3.8260869565217e-03 2.2608695652174e-03 1.9130434782609e-03 1.4017391304348e-01 8.5182608695652e-01 
91 1.4847161572052e-03 1.8340611353712e-03 9.5196506550218e-02 1.0393013100437e-01 7.9755458515284e-01 
92 2.3529411764706e-03 2.5882352941177e-03 2.3529411764706e-03 2.3529411764706e-03 9.9035294117647e-01 
93 2.0560747663551e-03 2.0560747663551e-03 1.8691588785047e-03 1.8691588785047e-03 9.9214953271028e-01 
94 5.7064220183486e-02 2.0183486238532e-03 9.1743119266055e-03 5.1376146788991e-03 9.2660550458716e-01 
95 5.8378378378378e-03 6.3783783783784e-03 4.3027027027027e-02 2.5945945945946e-03 9.4216216216216e-01 
96 7.3417721518987e-02 2.2869198312236e-02 1.1392405063291e-02 9.1983122362869e-03 8.8312236286920e-01 
97 4.0579710144928e-03 3.1884057971015e-03 3.7681159420290e-03 3.7681159420290e-03 9.8521739130435e-01 
98 7.3012048192771e-02 5.0602409638554e-03 7.4698795180723e-03 3.1325301204819e-03 9.1132530120482e-01 
99 5.1428571428571e-03 3.0742857142857e-02 6.0571428571429e-02 1.1988571428571e-01 7.8365714285714e-01 
100 2.4691358024691e-03 3.2098765432099e-03 2.4691358024691e-03 2.4691358024691e-03 9.8938271604938e-01 
101 3.0769230769231e-03 1.3504273504274e-01 1.8803418803419e-03 1.8803418803419e-03 8.5811965811966e-01 
102 2.9752066115702e-03 1.9834710743802e-03 1.2661157024793e-01 1.8181818181818e-03 8.6661157024793e-01 
103 1.9512195121951e-03 1.1707317073171e-03 1.5609756097561e-03 1.4634146341463e-03 9.9385365853658e-01 
104 1.8062780269058e-01 4.5739910313901e-03 2.9596412556054e-03 1.6502242152466e-02 7.9533632286996e-01 
105 2.7802690582960e-03 4.9327354260089e-03 7.4708520179372e-02 1.0762331838565e-03 9.1650224215247e-01 
106 5.1466666666667e-02 4.1600000000000e-02 6.9333333333333e-03 9.0666666666667e-02 8.0933333333333e-01 
107 3.6065573770492e-03 5.2459016393443e-03 3.2786885245902e-03 3.2786885245902e-03 9.8459016393443e-01 
108 3.3034825870647e-02 5.1741293532338e-02 7.8606965174129e-03 8.1393034825871e-02 8.2597014925373e-01 
109 5.1612903225806e-03 9.3677419354839e-02 1.6103225806452e-01 1.5612903225806e-02 7.2451612903226e-01 
110 1.9609756097561e-01 1.0731707317073e-03 9.7560975609756e-04 9.7560975609756e-04 8.0087804878049e-01 
111 1.4973262032086e-03 6.3636363636364e-02 3.3155080213904e-03 2.3636363636364e-02 9.0791443850267e-01 
112 8.2535211267606e-02 2.5164319248826e-02 4.6009389671361e-03 2.6291079812207e-03 8.8507042253521e-01 
113 3.0303030303030e-03 3.0303030303030e-03 5.6565656565657e-03 1.8787878787879e-02 9.6949494949495e-01 
114 3.2727272727273e-02 1.2513368983957e-02 2.6203208556150e-02 7.7540106951872e-02 8.5101604278075e-01 
115 3.3802816901408e-03 4.7887323943662e-03 3.3802816901408e-03 3.0985915492958e-03 9.8535211267606e-01 
116 1.2571428571429e-03 1.2571428571429e-03 4.0000000000000e-03 1.1428571428571e-03 9.9234285714286e-01 
117 2.4691358024691e-03 2.4691358024691e-03 2.4691358024691e-03 8.3456790123457e-02 9.0913580246913e-01 
118 1.2014134275618e-03 1.2014134275618e-03 1.2374558303887e-01 1.4134275618375e-03 8.7243816254417e-01 
119 3.2774869109948e-02 6.0837696335079e-02 8.9005235602094e-03 3.3089005235602e-02 8.6439790575916e-01 
120 1.7989417989418e-03 2.7513227513228e-02 5.7777777777778e-02 1.5026455026455e-02 8.9788359788360e-01 
121 1.1822660098522e-02 2.2660098522168e-03 4.4334975369458e-03 7.6748768472906e-02 9.0472906403941e-01 
122 2.5287356321839e-03 2.2988505747126e-03 8.7356321839080e-03 3.9080459770115e-02 9.4735632183908e-01 
123 1.9819819819820e-03 1.9819819819820e-03 1.8018018018018e-03 1.9819819819820e-03 9.9225225225225e-01 
124 2.5906735751295e-03 1.8652849740933e-03 5.5233160621762e-02 4.8704663212435e-03 9.3544041450777e-01 
125 4.2780748663102e-03 8.5133689839572e-02 3.0909090909091e-02 6.3101604278075e-03 8.7336898395722e-01 
126 3.1683168316832e-03 2.3762376237624e-03 1.9801980198020e-03 5.3465346534654e-02 9.3900990099010e-01 
127 9.8069498069498e-02 1.6216216216216e-03 5.4285714285714e-02 3.5984555984556e-02 8.1003861003861e-01 
128 9.6551724137931e-03 3.2183908045977e-03 1.0344827586207e-02 6.8735632183908e-02 9.0804597701149e-01 
129 3.2941176470588e-03 2.1882352941177e-02 1.1294117647059e-02 2.8235294117647e-03 9.6070588235294e-01 
130 2.3505154639175e-02 2.2680412371134e-03 2.2680412371134e-03 3.3402061855670e-02 9.3855670103093e-01 
131 4.9350649350649e-03 1.7922077922078e-02 6.7532467532467e-03 3.1168831168831e-03 9.6727272727273e-01 
132 1.7699115044248e-03 2.3008849557522e-03 2.1238938053097e-03 3.7168141592920e-03 9.9008849557522e-01 
133 2.1052631578947e-03 2.3157894736842e-03 2.1052631578947e-03 2.3157894736842e-03 9.9115789473684e-01 
134 3.5200000000000e-03 3.6800000000000e-03 1.6000000000000e-03 2.7200000000000e-03 9.8848000000000e-01 
135 8.0365296803653e-03 6.4566210045662e-02 3.1050228310502e-03 1.4611872146119e-03 9.2283105022831e-01 
136 2.5316455696203e-03 2.7848101265823e-03 2.5316455696203e-03 2.5316455696203e-03 9.8962025316456e-01 
137 1.7951219512195e-02 1.1824390243902e-01 5.1707317073171e-02 7.9024390243902e-03 8.0419512195122e-01 
138 1.3664596273292e-03 1.1105590062112e-01 1.5776397515528e-02 1.3664596273292e-03 8.7043478260870e-01 
139 2.7368421052632e-03 2.3157894736842e-03 2.3157894736842e-03 6.7368421052632e-03 9.8589473684211e-01 
140 3.8192090395480e-02 6.6101694915254e-02 3.3898305084746e-03 6.0112994350282e-02 8.3220338983051e-01 
141 6.0874316939891e-02 5.5737704918033e-03 1.5519125683060e-02 1.6721311475410e-02 9.0131147540983e-01 
142 1.9858156028369e-03 1.5602836879433e-03 1.8156028368794e-02 1.4184397163121e-03 9.7687943262411e-01 
143 2.7239819004525e-02 4.7963800904978e-03 4.1719457013575e-02 7.3031674208145e-02 8.5321266968326e-01 
144 2.1988950276243e-02 4.5635359116022e-02 8.3977900552486e-03 1.4917127071823e-02 9.0906077348066e-01 
145 1.4238683127572e-01 3.3086419753086e-02 2.5514403292181e-03 3.4567901234568e-02 7.8740740740741e-01 
146 1.1154362416107e-01 2.5503355704698e-02 3.6241610738255e-03 5.5973154362416e-02 8.0335570469799e-01 
147 3.3898305084746e-03 4.7457627118644e-03 3.7288135593220e-03 3.7288135593220e-03 9.8440677966102e-01 
148 5.2019704433497e-02 8.4729064039409e-03 6.7290640394089e-02 2.5615763546798e-03 8.6965517241379e-01 
149 1.6195121951220e-02 4.2926829268293e-03 4.9756097560976e-03 6.7219512195122e-02 9.0731707317073e-01 
150 1.9607843137255e-03 1.1555555555556e-01 1.5424836601307e-02 1.0718954248366e-02 8.5633986928105e-01 
151 6.4516129032258e-03 7.7419354838710e-03 9.0322580645161e-03 2.0193548387097e-01 7.7483870967742e-01 
152 1.3217391304348e-01 1.1304347826087e-02 3.8509316770186e-03 1.8770186335404e-01 6.6496894409938e-01 
153 1.0693877551020e-02 2.6938775510204e-03 7.6734693877551e-03 1.1159183673469e-01 8.6734693877551e-01 
154 4.7179487179487e-03 6.9743589743590e-02 1.3230769230769e-02 1.5384615384615e-03 9.1076923076923e-01 
155 2.0437956204380e-03 2.1897810218978e-03 1.4598540145985e-03 1.4598540145985e-03 9.9284671532847e-01 
156 4.8780487804878e-03 5.3658536585366e-03 4.8780487804878e-03 4.8780487804878e-03 9.8000000000000e-01 
157 1.7248677248677e-02 3.2804232804233e-02 2.2222222222222e-03 7.3121693121693e-02 8.7460317460317e-01 
158 3.1155778894472e-02 7.3366834170854e-03 4.3517587939699e-02 7.2361809045226e-03 9.1075376884422e-01 
159 2.0952380952381e-03 2.0952380952381e-03 4.0761904761905e-02 2.8571428571429e-03 9.5219047619048e-01 
160 6.6103286384977e-02 1.7840375586854e-03 1.4929577464789e-02 1.1417840375587e-01 8.0300469483568e-01 
161 2.7230046948357e-03 2.7671361502347e-01 1.5962441314554e-03 1.0835680751174e-01 6.1061032863850e-01 
162 1.7748917748918e-02 1.2294372294372e-02 4.9350649350649e-03 1.1082251082251e-01 8.5419913419913e-01 
163 9.6069868995633e-03 1.9213973799127e-03 7.4235807860262e-03 1.5825327510917e-01 8.2279475982533e-01 
164 3.1746031746032e-03 3.8095238095238e-03 3.4920634920635e-03 3.1746031746032e-03 9.8634920634921e-01 
165 1.6560509554140e-03 1.2738853503185e-03 2.1656050955414e-03 2.6751592356688e-03 9.9222929936306e-01 
166 1.0731914893617e-01 2.9617021276596e-02 4.8510638297872e-03 6.2553191489362e-02 7.9565957446809e-01 
167 1.5748031496063e-03 1.5748031496063e-02 1.5748031496063e-03 1.7322834645669e-03 9.7937007874016e-01 
168 2.5352112676056e-03 9.9530516431925e-03 3.6431924882629e-02 5.0704225352113e-03 9.4600938967136e-01 
169 2.4778761061947e-03 4.3716814159292e-02 1.7699115044248e-03 1.9469026548673e-03 9.5008849557522e-01 
170 4.7878787878788e-02 2.2222222222222e-03 2.2222222222222e-03 2.0202020202020e-03 9.4565656565656e-01 
171 2.1052631578947e-03 4.4210526315789e-03 5.0526315789474e-02 2.1852631578947e-01 7.2442105263158e-01 
172 3.3207547169811e-02 3.5547169811321e-01 4.5358490566038e-01 1.5094339622642e-01 6.7924528301887e-03 
173 1.8348623853211e-03 3.1192660550459e-03 2.2018348623853e-03 1.8348623853211e-03 9.9100917431193e-01 
174 7.0391061452514e-03 6.5586592178771e-02 2.9050279329609e-03 4.9162011173184e-03 9.1955307262570e-01 
175 5.0955414012739e-03 1.0573248407643e-01 2.6751592356688e-03 2.0382165605096e-03 8.8445859872611e-01 
176 7.6936936936937e-02 1.9819819819820e-03 1.8018018018018e-03 1.9819819819820e-03 9.1729729729730e-01 
177 1.8045112781955e-03 1.6541353383459e-03 1.6541353383459e-03 1.5037593984962e-03 9.9338345864662e-01 
178 8.3568075117371e-03 1.6122065727700e-01 1.8779342723005e-03 3.5305164319249e-02 7.9323943661972e-01 
179 3.2513966480447e-02 2.0111731843575e-03 1.5642458100559e-03 1.2290502793296e-03 9.6268156424581e-01 
180 7.2670157068063e-02 5.0052356020942e-02 1.7591623036649e-02 4.5026178010471e-03 8.5518324607330e-01 
181 3.6619718309859e-03 3.0985915492958e-03 8.7323943661972e-03 1.5774647887324e-02 9.6873239436620e-01 
182 3.3846153846154e-03 3.6615384615385e-02 3.3846153846154e-03 1.4461538461538e-02 9.4215384615385e-01 
183 5.5502392344498e-03 5.4258373205742e-02 5.7416267942584e-03 4.2392344497608e-02 8.9205741626794e-01 
184 2.1719457013575e-03 6.7058823529412e-02 1.0959276018100e-01 3.8009049773756e-03 8.1737556561086e-01 
185 1.8604651162791e-03 2.3255813953488e-03 1.8604651162791e-03 1.5503875968992e-03 9.9240310077519e-01 
186 4.2253521126761e-03 1.3690140845070e-01 3.0985915492958e-03 7.8873239436620e-03 8.4788732394366e-01 
187 2.3300970873786e-03 2.1359223300971e-03 1.9417475728155e-03 1.9417475728155e-03 9.9165048543690e-01 
188 2.0497512437811e-02 8.0796019900498e-02 1.6616915422886e-02 1.3800995024876e-01 7.4407960199005e-01 
189 2.7160493827160e-03 2.9629629629630e-03 5.9259259259260e-03 1.5308641975309e-02 9.7308641975309e-01 
190 8.8888888888889e-03 1.5343915343915e-02 6.3492063492063e-03 1.8275132275132e-01 7.8666666666667e-01 
191 4.0000000000000e-03 4.0000000000000e-03 4.0000000000000e-03 3.6363636363636e-03 9.8436363636364e-01 
192 1.6806722689076e-03 1.1310924369748e-01 1.8487394957983e-03 1.6806722689076e-03 8.8168067226891e-01 
193 2.1705426356589e-03 1.5503875968992e-03 1.8449612403101e-02 1.3023255813953e-02 9.6480620155039e-01 
194 5.5096418732782e-04 6.0606060606061e-04 7.1625344352617e-04 6.0606060606061e-04 9.9752066115702e-01 
195 3.2911392405063e-03 8.1012658227848e-03 2.5316455696203e-03 1.5696202531646e-02 9.7037974683544e-01 
196 2.4096385542169e-03 2.4096385542169e-03 2.8915662650602e-03 1.3253012048193e-01 8.5975903614458e-01 
197 2.9045643153527e-03 8.2987551867220e-04 2.9709543568465e-02 2.9045643153527e-03 9.6365145228216e-01 
198 1.8302521008403e-01 1.8487394957983e-03 4.0336134453781e-03 4.2016806722689e-03 8.0689075630252e-01 
199 1.8527607361963e-02 1.8404907975460e-03 1.8404907975460e-03 6.5276073619632e-02 9.1251533742331e-01 
200 8.1481481481482e-03 9.6296296296296e-03 1.5555555555556e-02 1.4000000000000e-01 8.2666666666667e-01 
201 4.4571428571428e-03 1.4857142857143e-03 1.1428571428571e-03 2.0971428571429e-01 7.8320000000000e-01 
202 2.2471910112360e-03 2.4719101123596e-03 8.0898876404494e-03 2.2471910112360e-03 9.8494382022472e-01 
203 2.4761904761905e-03 7.4285714285714e-03 5.7142857142857e-03 2.4761904761905e-03 9.8190476190476e-01 
204 5.2460732984293e-02 1.7801047120419e-03 1.9895287958115e-03 6.6178010471204e-02 8.7759162303665e-01 
205 8.2081447963801e-02 9.2126696832579e-02 4.4343891402715e-02 4.3710407239819e-02 7.3773755656109e-01 
206 1.7467248908297e-03 3.2401746724891e-02 4.6288209606987e-03 3.0445414847162e-01 6.5676855895197e-01 
207 2.1674876847291e-03 5.6059113300493e-02 7.4876847290640e-03 9.9507389162561e-03 9.2433497536946e-01 
208 2.5536723163842e-02 3.0056497175141e-02 1.6271186440678e-01 4.2937853107345e-03 7.7740112994350e-01 
209 1.1393939393939e-01 1.3454545454545e-02 2.6666666666667e-03 7.8060606060606e-02 7.9187878787879e-01 
210 4.8093385214008e-02 3.4241245136187e-03 5.0505836575876e-02 5.6031128404669e-03 8.9237354085603e-01 
211 9.5477386934673e-03 2.0603015075377e-02 3.1356783919598e-02 2.3517587939698e-02 9.1497487437186e-01 
212 1.7094017094017e-03 1.8803418803419e-03 2.0512820512820e-03 1.7094017094017e-03 9.9264957264957e-01 
213 1.5075376884422e-03 2.0100502512563e-03 3.4472361809045e-02 1.2422110552764e-01 8.3778894472362e-01 
214 2.3423423423423e-03 1.9819819819820e-03 3.2252252252252e-02 8.2522522522523e-02 8.8090090090090e-01 
215 1.5567567567568e-02 1.2972972972973e-03 6.4864864864865e-03 3.3405405405405e-02 9.4324324324324e-01 
216 1.2422360248447e-03 1.6149068322981e-03 1.4906832298137e-03 5.0931677018634e-03 9.9055900621118e-01 
217 5.8172588832487e-02 1.0984771573604e-01 9.9492385786802e-03 3.2487309644670e-02 7.8954314720812e-01 
218 2.8691983122363e-03 1.9409282700422e-03 2.0253164556962e-03 1.2540084388186e-01 8.6776371308017e-01 
219 2.2829268292683e-02 4.1951219512195e-02 6.4390243902439e-03 1.2682926829268e-03 9.2751219512195e-01 
220 3.2258064516129e-03 2.5806451612903e-03 3.2258064516129e-03 5.0322580645161e-02 9.4064516129032e-01 
221 1.8018018018018e-03 1.8018018018018e-03 1.8018018018018e-03 2.5225225225225e-03 9.9207207207207e-01 
222 7.2432432432432e-03 1.2432432432432e-02 2.6810810810811e-02 2.7027027027027e-03 9.5081081081081e-01 
223 2.4742268041237e-03 7.2164948453608e-03 5.1958762886598e-02 3.0927835051546e-03 9.3525773195876e-01 
224 1.9386973180077e-02 2.7586206896552e-03 1.3486590038314e-02 1.4850574712644e-01 8.1586206896552e-01 
225 1.5487179487180e-02 1.2307692307692e-03 3.5794871794872e-02 8.8205128205128e-03 9.3866666666667e-01 
226 1.2269938650307e-03 1.5950920245399e-03 1.4723926380368e-03 1.4723926380368e-03 9.9423312883436e-01 
227 1.5037593984962e-03 1.4406015037594e-01 1.8496240601504e-02 5.9849624060150e-02 7.7609022556391e-01 
228 1.5483870967742e-03 1.6774193548387e-03 3.7161290322581e-02 1.3935483870968e-02 9.4567741935484e-01 
229 6.2304147465438e-02 6.3594470046083e-03 1.2903225806452e-02 3.8986175115207e-02 8.7944700460829e-01 
230 3.0303030303030e-03 2.2222222222222e-03 5.6565656565657e-03 2.3232323232323e-01 7.5676767676768e-01 
231 1.7054263565891e-03 1.5503875968992e-03 1.8604651162791e-03 1.5503875968992e-03 9.9333333333333e-01 
232 1.7278106508876e-02 5.4319526627219e-02 4.2603550295858e-03 4.4615384615385e-02 8.7952662721893e-01 
233 3.9018404907975e-02 1.8895705521472e-02 4.5398773006135e-03 1.3766871165644e-01 7.9987730061350e-01 
234 1.0354066985646e-01 5.5789473684211e-02 3.7320574162679e-03 3.6363636363636e-03 8.3330143540670e-01 
235 1.1947136563877e-01 1.8414096916300e-02 1.6475770925110e-02 1.3039647577093e-02 8.3259911894273e-01 
236 6.5560975609756e-02 1.7756097560976e-02 2.7414634146342e-02 1.5921951219512e-01 7.3004878048780e-01 
237 8.6956521739130e-03 1.1304347826087e-02 1.1304347826087e-02 9.5652173913043e-03 9.5913043478261e-01 
238 1.3744075829384e-02 2.0853080568720e-03 7.7345971563981e-02 8.3412322274882e-03 8.9848341232227e-01 
239 2.5899280575540e-03 3.5971223021583e-03 1.5827338129496e-03 5.5395683453237e-02 9.3683453237410e-01 
240 4.1596244131455e-02 5.9154929577465e-03 6.8544600938967e-03 5.7276995305164e-03 9.3990610328638e-01 
241 4.4963503649635e-02 1.4598540145985e-03 1.4598540145985e-03 1.4598540145985e-03 9.5065693430657e-01 
242 2.1705426356589e-03 2.0775193798450e-02 1.7519379844961e-02 3.1007751937985e-03 9.5643410852713e-01 
243 2.1505376344086e-03 2.1505376344086e-03 2.5806451612903e-03 2.5161290322581e-01 7.4150537634409e-01 
244 8.2242990654206e-03 3.1775700934579e-03 3.3644859813084e-03 1.8691588785047e-03 9.8336448598131e-01 
245 2.7397260273973e-03 8.1917808219178e-02 3.2876712328767e-03 2.7397260273973e-03 9.0931506849315e-01 
246 7.4074074074074e-03 1.1640211640212e-03 1.0582010582011e-03 1.0582010582011e-03 9.8931216931217e-01 
247 3.4123222748815e-03 4.6445497630332e-02 4.3507109004739e-02 2.9478672985782e-02 8.7715639810426e-01 
248 9.9390862944162e-02 7.0050761421320e-03 2.4974619289340e-02 2.4365482233503e-02 8.4426395939086e-01 
249 4.5161290322581e-03 3.1336405529954e-03 2.9585253456221e-02 3.9631336405530e-03 9.5880184331797e-01 
250 2.9694323144105e-03 8.7510917030568e-02 2.0174672489083e-02 2.0960698689956e-03 8.8724890829694e-01 
251 2.0512820512820e-03 7.1794871794872e-03 6.8547008547008e-02 4.6153846153846e-03 9.1760683760684e-01 
252 2.3157894736842e-03 2.3157894736842e-03 2.9473684210526e-03 2.3157894736842e-03 9.9010526315789e-01 
253 2.4096385542169e-03 2.4096385542169e-03 2.4096385542169e-03 2.4096385542169e-03 9.9036144578313e-01 
254 2.3300970873786e-03 1.9417475728155e-03 2.1359223300971e-03 1.9417475728155e-03 9.9165048543690e-01 
255 2.6206896551724e-03 2.7586206896552e-03 1.6124137931035e-01 1.0110344827586e-01 7.3227586206897e-01 
256 3.6065573770492e-03 3.6065573770492e-03 3.2786885245902e-03 3.2786885245902e-03 9.8622950819672e-01 
257 3.3244444444444e-02 6.8977777777778e-02 2.1333333333333e-02 3.7066666666667e-02 8.3937777777778e-01 
258 4.0000000000000e-03 3.2000000000000e-03 7.7333333333333e-03 2.6666666666667e-03 9.8240000000000e-01 
259 1.8109452736318e-01 3.4626865671642e-02 8.5273631840796e-02 3.1840796019900e-03 6.9582089552239e-01 
260 3.6771300448431e-03 3.9461883408072e-03 1.3004484304933e-02 1.5246636771300e-03 9.7784753363229e-01 
261 1.9801980198020e-03 1.9801980198020e-03 2.1782178217822e-03 2.1782178217822e-03 9.9168316831683e-01 
262 6.9058295964125e-03 8.9417040358744e-02 8.1076233183857e-02 8.8071748878924e-02 7.3452914798206e-01 
263 1.5278969957082e-02 1.6995708154506e-02 5.8369098712446e-03 2.0257510729614e-01 7.5931330472103e-01 
264 2.5882352941177e-03 2.5882352941177e-03 2.8235294117647e-03 2.5882352941177e-03 9.8941176470588e-01 
265 2.0183486238532e-03 2.2018348623853e-03 2.0183486238532e-03 2.0183486238532e-03 9.9174311926605e-01 
266 2.9483568075117e-02 1.4460093896714e-02 9.9624413145540e-02 6.7323943661972e-02 7.8910798122066e-01 
267 7.8232558139535e-02 3.5348837209302e-03 4.5209302325581e-02 1.5627906976744e-02 8.5739534883721e-01 
268 9.1525423728814e-03 3.3898305084746e-03 2.9943502824859e-02 4.0112994350282e-02 9.1740112994350e-01 
269 3.7842323651452e-02 2.1659751037344e-02 3.8091286307054e-02 1.2448132780083e-03 9.0116182572614e-01 
270 4.2222222222222e-02 6.7724867724868e-03 1.1005291005291e-02 1.3671957671958e-01 8.0328042328042e-01 
271 5.3298429319372e-02 2.1675392670157e-02 5.4450261780105e-03 6.9005235602094e-02 8.5057591623037e-01 
272 3.3082706766917e-03 3.9097744360902e-02 1.9548872180451e-03 1.3984962406015e-02 9.4165413533835e-01 
273 1.0632911392405e-02 6.3544303797468e-02 1.1392405063291e-02 5.4514767932489e-02 8.5991561181435e-01 
274 1.1312217194570e-02 2.8959276018099e-03 5.3393665158371e-02 1.6289592760181e-03 9.3076923076923e-01 
275 3.4749034749035e-03 2.7258687258687e-02 1.3127413127413e-03 8.9266409266409e-02 8.7868725868726e-01 
276 2.5263157894737e-03 2.1052631578947e-03 2.3157894736842e-03 4.6736842105263e-02 9.4631578947368e-01 
277 2.4880382775120e-03 1.6459330143541e-02 1.3397129186603e-03 4.5167464114833e-02 9.3454545454545e-01 
278 2.3868312757202e-03 7.9835390946502e-03 6.8230452674897e-02 6.0740740740741e-02 8.6065843621399e-01 
279 3.3846153846154e-03 3.0769230769231e-03 3.3846153846154e-03 3.0769230769231e-03 9.8707692307692e-01 
280 1.1976047904192e-03 1.7964071856287e-03 1.1976047904192e-03 1.1976047904192e-03 9.9461077844311e-01 
281 1.2865497076023e-03 1.9204678362573e-01 1.4035087719298e-03 1.1695906432749e-03 8.0409356725146e-01 
282 4.9214659685864e-03 9.8429319371728e-03 1.6125654450262e-02 1.4272251308901e-01 8.2638743455497e-01 
283 2.0202020202020e-03 2.0202020202020e-03 3.2323232323232e-03 3.2323232323232e-03 9.8949494949495e-01 
284 6.6424870466321e-02 6.8186528497409e-02 3.5129533678756e-02 1.3202072538860e-01 6.9823834196891e-01 
285 8.4262295081967e-02 3.0601092896175e-03 8.6338797814208e-03 2.4043715846995e-03 9.0163934426229e-01 
286 3.0303030303030e-03 2.4242424242424e-03 6.9292929292929e-02 2.0202020202020e-03 9.2323232323232e-01 
287 5.0121457489879e-02 2.6720647773279e-03 4.1295546558704e-03 1.1506072874494e-01 8.2801619433198e-01 
288 5.6223776223776e-02 1.5384615384615e-03 1.3986013986014e-03 4.0559440559441e-03 9.3678321678322e-01 
289 2.6666666666667e-03 4.2666666666667e-03 6.9333333333333e-03 3.2000000000000e-03 9.8293333333333e-01 
290 1.7777777777778e-03 1.7777777777778e-03 1.4814814814815e-03 1.4814814814815e-03 9.9348148148148e-01 
291 6.4676616915423e-03 1.4427860696517e-02 1.0746268656716e-02 2.6865671641791e-03 9.6567164179105e-01 
292 2.7807486631016e-03 2.3529411764706e-03 7.3689839572192e-02 3.3262032085561e-02 8.8791443850267e-01 
293 3.3027522935780e-03 1.8348623853211e-03 2.2018348623853e-03 7.1559633027523e-03 9.8550458715596e-01 
294 2.1327014218009e-02 6.0663507109005e-03 1.3383886255924e-01 1.8009478672986e-02 8.2075829383886e-01 
295 5.4520547945205e-02 5.0228310502283e-03 2.2922374429224e-02 4.2374429223744e-02 8.7515981735160e-01 
296 2.9850746268657e-03 2.9850746268657e-03 3.2835820895522e-03 3.5820895522388e-03 9.8716417910448e-01 
297 1.9534883720930e-03 2.6790697674419e-02 1.6930232558140e-02 4.5860465116279e-02 9.0846511627907e-01 
298 1.6541353383459e-03 1.5037593984962e-03 1.6541353383459e-03 1.6541353383459e-03 9.9353383458647e-01 
299 1.8691588785047e-03 1.8691588785047e-03 1.8691588785047e-03 4.0560747663551e-02 9.5383177570094e-01 
300 3.9344262295082e-03 3.2786885245902e-03 3.6065573770492e-03 3.6065573770492e-03 9.8557377049180e-01 
301 1.1167512690355e-03 2.7411167512690e-03 1.0152284263959e-03 1.9187817258883e-02 9.7593908629442e-01 
302 1.8803418803419e-03 2.0512820512820e-03 1.8803418803419e-03 1.7094017094017e-03 9.9247863247863e-01 
303 1.3071895424837e-03 1.4379084967320e-03 1.3071895424837e-03 1.9607843137255e-03 9.9398692810457e-01 
304 1.7094017094017e-03 1.8803418803419e-03 1.8803418803419e-03 1.0905982905983e-01 8.8547008547008e-01 
305 3.2994923857868e-02 1.8781725888325e-01 3.1472081218274e-03 5.0761421319797e-03 7.7096446700508e-01 
306 3.2183908045977e-03 2.5287356321839e-03 2.5287356321839e-03 2.5287356321839e-03 9.8919540229885e-01 
307 1.5384615384615e-03 1.2669683257919e-03 1.9909502262443e-03 8.3257918552036e-03 9.8687782805430e-01 
308 2.7322404371585e-03 1.1202185792350e-01 2.5136612021858e-03 2.4590163934426e-02 8.5814207650273e-01 
309 4.4198895027624e-03 2.6519337016575e-03 6.8508287292818e-03 1.2154696132597e-03 9.8486187845304e-01 
310 2.4175824175824e-03 2.4175824175824e-03 1.2087912087912e-02 2.5054945054945e-02 9.5802197802198e-01 
311 9.0128755364807e-03 1.6412017167382e-01 1.6738197424893e-02 1.0042918454936e-02 8.0008583690987e-01 
312 8.1904761904762e-02 2.2857142857143e-03 2.0952380952381e-03 4.7619047619048e-02 8.6609523809524e-01 
313 1.1729957805907e-02 2.1097046413502e-03 1.4008438818565e-02 2.6936708860760e-01 7.0278481012658e-01 
314 1.6000000000000e-03 3.0080000000000e-02 4.3200000000000e-03 2.7200000000000e-03 9.6128000000000e-01 
315 1.8064516129032e-03 1.4193548387097e-03 1.8064516129032e-03 6.5806451612903e-03 9.8838709677419e-01 
316 4.2772277227723e-02 2.7722772277228e-03 4.3366336633663e-02 1.9801980198020e-03 9.0910891089109e-01 
317 2.4155844155844e-02 3.5497835497836e-03 1.6450216450216e-02 7.9740259740260e-02 8.7610389610390e-01 
318 3.6989247311828e-02 3.8709677419355e-03 3.2258064516129e-03 5.1612903225806e-03 9.5075268817204e-01 
319 6.8020304568528e-03 7.2081218274111e-03 3.1472081218274e-03 9.9187817258883e-02 8.8365482233503e-01 
320 7.8904109589041e-02 3.6529680365297e-03 1.7168949771690e-02 2.5570776255708e-02 8.7470319634703e-01 
321 2.7586206896552e-03 3.0114942528736e-02 3.9080459770115e-03 2.2758620689655e-02 9.4045977011494e-01 
322 1.9834710743802e-03 1.8181818181818e-03 1.8181818181818e-03 1.8181818181818e-03 9.9256198347107e-01 
323 6.9427312775330e-02 8.1233480176212e-02 8.8105726872246e-04 1.0572687224670e-03 8.4740088105727e-01 
324 3.8367346938775e-03 9.1755102040816e-02 6.2857142857143e-03 5.5510204081633e-02 8.4261224489796e-01 
325 3.0769230769231e-03 3.0769230769231e-03 2.0492307692308e-01 3.3846153846154e-03 7.8553846153846e-01 
326 8.9340101522842e-03 1.0862944162437e-02 3.9898477157360e-02 5.5228426395939e-02 8.8507614213198e-01 
327 6.2604651162791e-02 2.0558139534884e-02 3.2372093023256e-02 1.4883720930233e-03 8.8297674418605e-01 
328 2.1487603305785e-03 1.2396694214876e-02 4.2975206611570e-03 1.6528925619835e-03 9.7950413223140e-01 
329 3.1084337349398e-02 3.8795180722892e-02 3.3734939759036e-03 1.0120481927711e-02 9.1662650602410e-01 
330 1.8691588785047e-03 1.8691588785047e-03 1.8691588785047e-03 2.0560747663551e-03 9.9233644859813e-01 
331 2.1359223300971e-03 1.9417475728155e-03 2.0407766990291e-01 7.1844660194175e-03 7.8466019417476e-01 
332 5.7458563535912e-03 1.0718232044199e-02 2.1767955801105e-02 1.5801104972376e-02 9.4596685082873e-01 
333 1.0296296296296e-01 2.8806584362140e-03 5.4320987654321e-03 1.2345679012346e-03 8.8748971193416e-01 
334 3.7288135593220e-03 3.3898305084746e-03 3.3898305084746e-03 3.3898305084746e-03 9.8610169491526e-01 
335 1.7094017094017e-03 2.0000000000000e-01 1.8803418803419e-03 1.7094017094017e-03 7.9470085470085e-01 
336 9.7458563535912e-02 4.3093922651934e-03 5.4475138121547e-02 2.6519337016575e-03 8.4110497237569e-01 
337 5.0574712643678e-03 2.5287356321839e-03 2.5977011494253e-02 2.5287356321839e-03 9.6390804597701e-01 
338 5.0852017937220e-02 5.1121076233184e-03 4.1255605381166e-03 5.2914798206278e-03 9.3461883408072e-01 
339 6.2385321100917e-03 2.0183486238532e-03 2.2018348623853e-03 2.2018348623853e-03 9.8733944954128e-01 
340 1.9730941704036e-03 1.0762331838565e-03 8.0717488789237e-03 3.4887892376682e-02 9.5399103139013e-01 
341 2.3529411764706e-03 2.8235294117647e-03 2.3529411764706e-03 2.5882352941177e-03 9.8988235294118e-01 
342 2.0618556701031e-03 4.5567010309278e-02 2.0618556701031e-03 2.0618556701031e-03 9.4824742268041e-01 
343 1.6541353383459e-03 1.6360902255639e-01 1.1729323308271e-02 2.1052631578947e-03 8.2090225563910e-01 
344 4.4585365853658e-02 1.1512195121951e-02 3.4048780487805e-02 3.5121951219512e-03 9.0634146341463e-01 
345 1.3023255813953e-03 1.1720930232558e-02 1.5441860465116e-02 1.6744186046512e-03 9.6986046511628e-01 
346 1.4169014084507e-01 1.1924882629108e-02 4.1032863849765e-02 3.8779342723005e-02 7.6657276995305e-01 
347 2.7848101265823e-03 2.7848101265823e-03 2.5316455696203e-03 3.5443037974684e-03 9.8835443037975e-01 
348 6.4019138755981e-02 6.2679425837321e-02 1.5311004784689e-02 1.2440191387560e-03 8.5674641148325e-01 
349 2.9629629629630e-03 2.7160493827160e-03 3.1604938271605e-02 5.1851851851852e-03 9.5753086419753e-01 
350 1.8803418803419e-03 9.4017094017094e-03 1.7094017094017e-03 1.7247863247863e-01 8.1452991452991e-01 
351 2.5641025641026e-03 4.4102564102564e-03 1.9897435897436e-02 3.3846153846154e-02 9.3928205128205e-01 
352 9.3600000000000e-02 2.8457142857143e-02 4.2857142857143e-02 5.0285714285714e-03 8.3005714285714e-01 
353 7.7808219178082e-02 7.5799086757991e-03 4.0456621004566e-02 1.0593607305936e-02 8.6356164383562e-01 
354 4.0816326530612e-03 4.4897959183674e-03 4.8979591836735e-03 4.4897959183674e-03 9.8204081632653e-01 
355 2.2516556291391e-03 1.3245033112583e-03 3.3245033112583e-02 1.5894039735099e-03 9.6158940397351e-01 
356 2.3188405797101e-03 8.2125603864734e-03 3.8357487922705e-02 4.7826086956522e-02 9.0328502415459e-01 
357 2.8571428571429e-03 1.3818181818182e-01 2.2597402597403e-02 1.1948051948052e-01 7.1688311688312e-01 
358 4.5614035087719e-03 3.5087719298246e-03 3.5087719298246e-03 3.5087719298246e-03 9.8491228070175e-01 
359 1.4377880184332e-02 3.5944700460830e-03 1.8525345622120e-02 2.1198156682028e-02 9.4230414746544e-01 
360 1.3793103448276e-03 1.5172413793103e-03 1.3793103448276e-03 1.5172413793103e-03 9.9420689655172e-01 
361 4.2152466367713e-03 5.1928251121076e-02 8.6188340807175e-02 1.7040358744395e-03 8.5596412556054e-01 
362 1.7777777777778e-03 1.9259259259259e-03 1.6296296296296e-03 2.0296296296296e-02 9.7437037037037e-01 
363 1.5503875968992e-03 1.7054263565891e-03 2.1705426356589e-03 3.4697674418605e-01 6.4759689922481e-01 
364 1.4932126696833e-02 2.8054298642534e-02 7.1493212669683e-03 4.4343891402715e-03 9.4542986425339e-01 
365 2.5316455696203e-03 5.3164556962025e-03 2.8455696202532e-01 4.0506329113924e-02 6.6708860759494e-01 
366 7.1111111111111e-02 1.7777777777778e-03 7.6444444444444e-02 1.3991111111111e-01 7.1075555555556e-01 
367 1.9512195121951e-03 1.9512195121951e-03 1.2032520325203e-02 2.2764227642276e-03 9.8178861788618e-01 
368 3.1460674157303e-03 2.6966292134832e-03 1.1235955056180e-02 2.2471910112360e-03 9.8067415730337e-01 
369 2.0472440944882e-03 1.8897637795276e-03 1.6377952755905e-02 1.5748031496063e-03 9.7811023622047e-01 
370 2.0627802690583e-03 7.9103139013453e-02 2.3049327354260e-02 1.1659192825112e-02 8.8412556053812e-01 
371 5.0340136054422e-03 1.1428571428571e-02 5.1700680272109e-03 9.3741496598639e-02 8.8462585034014e-01 
372 2.1505376344086e-03 4.9247311827957e-02 3.3333333333333e-02 6.8817204301075e-03 9.0838709677419e-01 
373 2.2885572139303e-03 5.6716417910448e-03 8.7562189054726e-02 2.0895522388060e-03 9.0238805970149e-01 
374 4.6351931330472e-03 4.6266094420601e-02 9.5278969957082e-03 1.4077253218884e-02 9.2549356223176e-01 
375 3.1489361702128e-03 1.3617021276596e-03 2.4000000000000e-02 1.4085106382979e-01 8.3063829787234e-01 
376 4.7466666666667e-02 8.8000000000000e-03 1.9555555555556e-03 6.8088888888889e-02 8.7368888888889e-01 
377 1.6000000000000e-03 5.6000000000000e-03 9.4400000000000e-03 1.7600000000000e-03 9.8160000000000e-01 
378 4.9760765550239e-02 6.4114832535885e-03 8.6602870813397e-02 1.0143540669856e-02 8.4708133971292e-01 
379 3.2911392405063e-03 2.7848101265823e-03 4.0506329113924e-03 3.0379746835443e-03 9.8683544303798e-01 
380 2.7350427350427e-03 7.5042735042735e-02 2.0512820512820e-03 4.4444444444444e-03 9.1572649572650e-01 
381 9.3454545454545e-02 3.1515151515152e-02 1.4545454545455e-02 2.5696969696970e-02 8.3478787878788e-01 
