0 2.6794258373206e-03 2.6794258373206e-03 8.4210526315789e-03 5.4545454545455e-03 5.1674641148325e-03 3.2535885167464e-03 9.3779904306220e-02 5.3588516746412e-03 7.0813397129187e-03 1.1770334928230e-02 3.5119617224880e-02 4.4019138755981e-03 6.6794258373206e-02 2.7081339712919e-02 1.9712918660287e-02 1.8181818181818e-03 3.2535885167464e-03 5.2631578947368e-03 5.3492822966507e-02 1.2248803827751e-02 2.7751196172249e-03 7.8468899521531e-03 7.1770334928230e-03 2.0478468899522e-02 5.8688995215311e-01 
1 1.1695906432749e-03 1.4035087719298e-03 1.6374269005848e-03 1.1695906432749e-03 1.1695906432749e-03 1.0760233918129e-02 1.7543859649123e-03 1.9415204678363e-02 1.2865497076023e-03 1.1695906432749e-03 1.4035087719298e-03 4.5614035087719e-03 1.6374269005848e-03 8.6549707602339e-03 1.5204678362573e-03 2.6900584795322e-03 1.2865497076023e-03 1.8713450292398e-03 1.4187134502924e-01 1.7543859649123e-03 2.5730994152047e-03 1.4035087719298e-03 1.5204678362573e-03 1.1695906432749e-03 7.8514619883041e-01 
2 5.3968253968254e-03 5.3968253968254e-03 3.1746031746032e-03 4.7619047619048e-03 3.1746031746032e-03 6.9841269841270e-03 4.1269841269841e-03 6.9841269841270e-03 3.4920634920635e-03 3.8730158730159e-02 4.1269841269841e-03 3.8095238095238e-03 4.1269841269841e-03 3.4920634920635e-03 8.0000000000000e-02 3.4920634920635e-03 3.1746031746032e-03 3.1746031746032e-03 5.4285714285714e-02 3.4920634920635e-03 3.4920634920635e-03 3.1746031746032e-03 6.9206349206349e-02 5.8412698412698e-02 6.2031746031746e-01 
3 1.0045662100457e-03 2.9223744292237e-03 1.6438356164384e-03 1.4611872146119e-03 1.1561643835616e-01 2.8310502283105e-03 1.3698630136986e-03 2.4657534246575e-03 2.5570776255708e-03 7.3972602739726e-03 2.1917808219178e-03 1.4611872146119e-03 3.4703196347032e-03 1.6438356164384e-03 1.5525114155251e-03 1.3698630136986e-02 3.1141552511416e-02 1.3698630136986e-03 9.6803652968037e-03 9.4063926940639e-03 1.8264840182648e-03 1.5525114155251e-03 3.9269406392694e-03 1.0958904109589e-03 7.7671232876712e-01 
4 7.7862595419847e-03 1.5267175572519e-03 1.6793893129771e-03 1.5267175572519e-03 1.8320610687023e-03 1.8320610687023e-03 1.9847328244275e-03 1.6793893129771e-03 1.6793893129771e-03 1.5267175572519e-03 1.5267175572519e-03 1.5267175572519e-03 1.6793893129771e-03 1.5267175572519e-03 1.5267175572519e-03 1.5267175572519e-03 1.6793893129771e-03 3.1450381679389e-02 1.5267175572519e-03 1.6793893129771e-03 1.6793893129771e-03 2.4152671755725e-01 1.5267175572519e-03 1.4656488549618e-02 6.7190839694656e-01 
5 1.2145748987854e-03 2.1052631578947e-03 9.7165991902834e-04 2.3481781376518e-03 8.5829959514170e-03 1.5384615384615e-03 2.5910931174089e-03 4.2105263157895e-03 1.7489878542510e-02 1.6437246963563e-02 2.3481781376518e-03 3.4008097165992e-03 1.3684210526316e-02 1.0850202429150e-02 2.5101214574899e-03 1.2348178137652e-01 2.9149797570850e-03 2.4291497975708e-03 4.4291497975709e-02 2.3481781376518e-03 3.9676113360324e-03 1.5384615384615e-03 8.0161943319838e-03 1.4574898785425e-03 7.1927125506073e-01 
6 8.6010362694300e-03 4.2487046632124e-03 1.8652849740933e-03 4.0414507772021e-03 8.1865284974093e-03 1.6683937823834e-02 1.7616580310881e-03 5.0777202072539e-03 1.0103626943005e-01 2.5906735751295e-03 3.2849740932642e-02 1.5647668393782e-02 1.7098445595855e-02 4.3523316062176e-03 4.0414507772021e-03 6.7357512953368e-03 5.2538860103627e-02 1.5336787564767e-02 2.6943005181347e-03 3.6994818652850e-02 6.7357512953368e-03 8.8082901554404e-03 3.8341968911917e-03 2.1761658031088e-03 6.3606217616580e-01 
7 1.5267175572519e-03 3.3587786259542e-03 1.5267175572519e-03 1.6793893129771e-03 1.8320610687023e-03 1.6793893129771e-03 1.8320610687023e-03 3.0534351145038e-03 1.8320610687023e-03 2.1374045801527e-03 2.4427480916030e-03 3.0534351145038e-03 2.9007633587786e-03 2.0152671755725e-02 2.5954198473282e-03 3.3587786259542e-03 2.5954198473282e-03 3.6641221374046e-03 7.1755725190840e-03 1.9847328244275e-03 9.7557251908397e-02 2.2900763358779e-03 1.9847328244275e-03 1.8320610687023e-03 8.2595419847328e-01 
8 2.9223744292237e-03 2.7762557077626e-02 1.8264840182648e-03 3.1963470319635e-03 1.5433789954338e-02 7.8538812785388e-03 1.9178082191781e-03 6.7945205479452e-02 2.3744292237443e-03 1.2694063926941e-02 1.4611872146119e-03 1.9634703196347e-02 2.4657534246575e-03 2.6484018264840e-03 3.1050228310502e-03 8.4931506849315e-03 9.2237442922375e-03 3.2876712328767e-03 4.0182648401827e-03 3.6529680365297e-03 5.5707762557078e-03 6.8493150684931e-03 7.6712328767123e-03 1.3059360730594e-02 7.6493150684932e-01 
9 2.6046511627907e-03 5.3953488372093e-03 1.0883720930233e-02 1.0232558139535e-03 1.3023255813953e-03 1.8604651162791e-03 1.5813953488372e-03 3.1627906976744e-03 1.3953488372093e-03 9.3023255813954e-04 1.0232558139535e-03 1.1162790697674e-03 1.4883720930233e-03 2.8837209302326e-03 1.3023255813953e-03 3.9720930232558e-02 1.3023255813953e-03 3.8139534883721e-02 1.5813953488372e-03 1.3953488372093e-03 1.2093023255814e-03 1.3953488372093e-03 1.2093023255814e-03 9.3023255813954e-04 8.7516279069767e-01 
10 1.1158798283262e-03 9.0128755364807e-03 2.5064377682403e-02 3.4463519313305e-01 2.3175965665236e-03 1.8884120171674e-03 4.0343347639485e-03 2.0600858369099e-03 7.9828326180258e-03 2.0600858369099e-03 3.3476394849785e-03 2.2317596566524e-03 1.4592274678112e-03 1.3733905579399e-03 1.2875536480687e-03 8.4978540772532e-03 1.8025751072961e-03 1.8025751072961e-03 1.9742489270386e-03 2.8326180257511e-03 3.0042918454936e-03 2.5751072961373e-03 4.4635193133047e-03 1.1158798283262e-03 5.6206008583691e-01 
11 1.3397129186603e-03 3.7320574162679e-03 1.3942583732057e-01 3.4449760765550e-03 5.2631578947368e-03 1.2440191387560e-03 1.8181818181818e-03 9.7607655502392e-03 1.3397129186603e-03 1.6267942583732e-03 2.4880382775120e-03 2.0095693779904e-03 1.6267942583732e-03 2.2009569377990e-03 1.4354066985646e-03 3.7033492822967e-02 3.0622009569378e-03 2.3349282296651e-02 1.2440191387560e-03 1.7607655502392e-02 4.0191387559809e-03 4.6889952153110e-03 1.8181818181818e-03 1.1483253588517e-03 7.2727272727273e-01 
12 3.4449760765550e-03 3.1578947368421e-03 2.8708133971292e-03 5.4545454545455e-03 3.6650717703349e-02 3.2535885167464e-03 1.8181818181818e-03 9.2822966507177e-03 6.9856459330144e-03 1.5693779904306e-02 9.4736842105263e-03 1.5311004784689e-03 2.6794258373206e-02 3.1578947368421e-03 1.1961722488038e-02 1.9425837320574e-02 8.5167464114833e-03 1.6172248803828e-02 3.6363636363636e-03 2.1052631578947e-03 2.9665071770335e-03 9.5693779904306e-03 3.8277511961723e-03 4.0191387559809e-03 7.8822966507177e-01 
13 1.8018018018018e-03 2.3423423423423e-03 1.8018018018018e-03 1.9819819819820e-03 2.1621621621622e-03 1.8018018018018e-03 2.7027027027027e-03 1.8018018018018e-03 1.9819819819820e-03 1.9819819819820e-03 2.3423423423423e-03 5.2252252252252e-03 2.4450450450450e-01 2.7027027027027e-03 2.1621621621622e-03 1.8018018018018e-03 2.1621621621622e-03 1.0990990990991e-02 2.1621621621622e-03 2.8828828828829e-03 2.3423423423423e-03 2.3423423423423e-03 2.8828828828829e-03 1.8018018018018e-03 6.9333333333333e-01 
14 1.8834080717489e-03 2.2421524663677e-03 3.2286995515695e-03 7.6233183856502e-03 3.2286995515695e-03 3.6771300448431e-03 1.7040358744395e-03 2.5112107623318e-03 5.9192825112107e-03 1.0565022421525e-01 1.7040358744395e-03 2.6008968609865e-03 1.6143497757848e-03 3.8565022421525e-03 4.2152466367713e-03 4.4304932735426e-02 1.3183856502242e-02 3.8475336322870e-02 8.1614349775784e-03 1.8834080717489e-03 5.6502242152466e-03 7.8026905829596e-03 1.0134529147982e-02 2.1524663677130e-03 7.1659192825112e-01 
15 3.0303030303030e-03 2.4242424242424e-03 4.6464646464646e-03 5.0505050505050e-03 2.0202020202020e-03 3.2323232323232e-03 2.2222222222222e-03 2.2222222222222e-03 3.2323232323232e-03 6.2626262626263e-03 2.0202020202020e-03 2.0202020202020e-03 2.2222222222222e-03 4.7373737373737e-01 4.4444444444444e-03 2.2222222222222e-03 2.0202020202020e-03 2.6262626262626e-03 2.6464646464646e-02 2.2222222222222e-03 8.6868686868687e-03 2.8282828282828e-03 3.0303030303030e-03 2.0202020202020e-03 4.2909090909091e-01 
16 1.5706806282722e-03 1.7801047120419e-03 1.1937172774869e-02 1.1518324607330e-03 1.1518324607330e-03 1.3612565445026e-03 2.1989528795811e-03 1.9895287958115e-03 1.2565445026178e-03 1.1518324607330e-03 3.4240837696335e-02 1.2565445026178e-03 5.8638743455497e-03 2.9319371727749e-03 1.5706806282722e-03 1.1518324607330e-03 1.3612565445026e-03 2.4816753926702e-02 1.6753926701571e-03 1.7801047120419e-03 1.1518324607330e-03 8.1675392670157e-03 2.0942408376963e-03 1.0471204188482e-03 8.8534031413613e-01 
17 2.1505376344086e-03 2.3655913978495e-03 2.1505376344086e-03 2.7956989247312e-03 2.5806451612903e-03 2.1505376344086e-03 2.5806451612903e-03 2.1505376344086e-03 2.3655913978495e-03 3.0107526881720e-03 2.3655913978495e-03 2.5806451612903e-03 2.5806451612903e-03 2.7956989247312e-03 2.7956989247312e-03 2.3655913978495e-03 2.3655913978495e-03 9.4623655913978e-03 2.5806451612903e-03 2.1505376344086e-03 2.1505376344086e-03 2.3032258064516e-01 2.3655913978495e-03 5.1612903225806e-03 7.0365591397850e-01 
18 1.9383259911894e-03 1.9383259911894e-03 1.4096916299559e-03 4.4933920704846e-03 3.2599118942731e-03 3.7885462555066e-03 6.6960352422907e-03 2.2907488986784e-03 4.6696035242291e-03 1.8237885462555e-02 7.4008810572687e-03 1.4096916299559e-03 3.2599118942731e-03 3.2599118942731e-03 1.8502202643172e-03 7.4713656387665e-02 9.6916299559471e-03 6.8722466960352e-03 1.7621145374449e-03 3.7004405286344e-03 1.5859030837004e-03 1.0748898678414e-02 2.1145374449339e-03 7.3127753303965e-03 8.1559471365639e-01 
19 2.6347305389222e-03 2.0359281437126e-03 1.3173652694611e-03 3.1137724550898e-03 1.4371257485030e-03 2.2754491017964e-03 1.4371257485030e-03 1.6766467065868e-03 2.5149700598802e-03 2.2754491017964e-03 2.5149700598802e-03 1.4371257485030e-03 1.0299401197605e-02 2.5149700598802e-03 3.9520958083832e-03 1.3173652694611e-03 1.6766467065868e-03 1.1616766467066e-02 2.0359281437126e-03 1.9161676646707e-03 1.3173652694611e-03 6.5748502994012e-02 9.9640718562874e-02 2.1077844311377e-01 5.6251497005988e-01 
20 1.1497584541063e-02 1.7391304347826e-03 7.5362318840580e-03 1.6811594202899e-02 5.3140096618357e-03 2.1256038647343e-03 3.7198067632850e-02 6.2801932367150e-03 1.0019323671498e-01 5.0241545893720e-03 2.0193236714976e-02 2.8985507246377e-03 8.0772946859903e-02 1.5458937198068e-03 1.3816425120773e-02 1.7391304347826e-03 1.0724637681159e-02 1.1111111111111e-02 1.6425120772947e-03 3.2850241545894e-03 4.5603864734300e-02 8.0193236714976e-03 2.0579710144928e-02 8.3091787439614e-03 5.7603864734300e-01 
21 1.5042735042735e-02 6.4957264957265e-03 1.7094017094017e-03 2.3931623931624e-03 2.5641025641026e-03 3.0769230769231e-03 2.9059829059829e-03 7.0085470085470e-03 2.3931623931624e-03 1.8803418803419e-03 2.2222222222222e-03 2.5641025641026e-03 5.1282051282051e-03 1.7094017094017e-03 3.5897435897436e-03 1.2478632478632e-02 4.8205128205128e-02 4.1025641025641e-03 1.8803418803419e-03 3.5897435897436e-03 1.8803418803419e-03 5.0085470085470e-02 1.4529914529915e-02 2.5897435897436e-01 5.4358974358974e-01 
22 3.0379746835443e-03 4.3037974683544e-03 4.0506329113924e-03 3.7974683544304e-03 3.0379746835443e-03 2.7848101265823e-03 4.8101265822785e-03 3.2911392405063e-03 8.3544303797468e-03 2.7848101265823e-03 3.7974683544304e-03 2.5189873417722e-01 3.0379746835443e-03 2.7848101265823e-03 3.0379746835443e-03 3.5443037974684e-03 2.7848101265823e-03 3.7974683544304e-03 2.7848101265823e-03 2.7848101265823e-03 2.7848101265823e-03 2.5316455696203e-03 8.8607594936709e-03 2.5316455696203e-03 6.6278481012658e-01 
23 1.9428571428571e-03 1.4857142857143e-03 1.6000000000000e-03 1.3714285714286e-03 1.2571428571429e-03 2.9714285714286e-03 2.5142857142857e-03 4.5600000000000e-02 1.7142857142857e-03 5.8742857142857e-02 1.6000000000000e-03 1.2571428571429e-03 3.5428571428572e-03 1.4857142857143e-03 1.4857142857143e-03 1.2571428571429e-03 1.2571428571429e-03 1.1428571428571e-03 8.1942857142857e-02 1.0514285714286e-02 1.2571428571429e-03 1.1428571428571e-03 1.3714285714286e-03 1.1211428571429e-01 6.5942857142857e-01 
24 9.7777777777778e-04 3.9022222222222e-02 1.4222222222222e-03 8.0533333333333e-02 6.7555555555556e-03 8.3555555555556e-03 1.4222222222222e-03 1.2355555555556e-02 2.4888888888889e-03 4.0000000000000e-03 1.9200000000000e-02 1.0666666666667e-03 7.2000000000000e-03 1.6000000000000e-03 1.4311111111111e-02 2.3111111111111e-03 1.2444444444444e-03 4.6222222222222e-03 1.4222222222222e-03 3.8844444444445e-02 4.4444444444444e-03 6.9333333333333e-03 5.6888888888889e-03 1.0666666666667e-03 7.3271111111111e-01 
25 3.2876712328767e-03 4.3835616438356e-03 3.0136986301370e-03 6.3013698630137e-03 3.8356164383562e-03 2.7397260273973e-03 3.2876712328767e-03 2.7397260273973e-03 3.2876712328767e-03 2.4301369863014e-01 2.7397260273973e-03 1.3698630136986e-02 3.2876712328767e-03 3.8356164383562e-03 3.6986301369863e-02 3.5616438356164e-03 3.0136986301370e-03 4.6575342465754e-03 2.7397260273973e-03 3.0136986301370e-03 3.8356164383562e-03 2.7397260273973e-03 9.3150684931507e-03 2.7397260273973e-03 6.2794520547945e-01 
26 1.4874418604651e-01 7.7209302325581e-03 1.3023255813953e-03 1.7674418604651e-03 3.0697674418605e-03 1.3023255813953e-03 1.3953488372093e-03 8.6511627906977e-03 2.7906976744186e-03 3.9069767441860e-03 1.8604651162791e-03 2.1395348837209e-03 1.8604651162791e-03 5.7674418604651e-03 3.2558139534884e-02 2.0465116279070e-03 2.5116279069767e-03 2.3069767441860e-02 1.2093023255814e-03 1.2093023255814e-03 7.6279069767442e-03 6.3255813953488e-03 8.6046511627907e-02 1.3023255813953e-03 6.4381395348837e-01 
27 4.3478260869565e-03 3.4782608695652e-03 2.8985507246377e-03 4.0579710144928e-03 4.6376811594203e-03 5.2173913043478e-03 3.1884057971015e-03 3.4782608695652e-03 3.4782608695652e-03 3.1884057971015e-03 3.7681159420290e-03 3.1884057971015e-03 5.5072463768116e-03 2.2927536231884e-01 3.1884057971015e-03 2.8985507246377e-03 2.9855072463768e-02 4.3478260869565e-03 2.2318840579710e-02 1.4202898550725e-02 2.2028985507246e-02 3.7681159420290e-03 3.7681159420290e-03 2.8985507246377e-03 6.1101449275362e-01 
28 1.9469026548673e-03 1.8584070796460e-02 2.6548672566372e-02 3.8938053097345e-03 4.0707964601770e-03 2.6548672566372e-03 1.7699115044248e-03 2.8318584070797e-03 1.9469026548673e-03 1.9469026548673e-03 2.5663716814159e-02 3.1858407079646e-03 3.8938053097345e-03 1.0530973451327e-01 2.6548672566372e-03 3.0088495575221e-03 2.3008849557522e-03 1.9469026548673e-03 8.3185840707965e-03 2.1238938053097e-03 2.8318584070796e-03 6.5486725663717e-03 1.6637168141593e-02 2.4778761061947e-03 7.4690265486726e-01 
29 9.5934959349593e-03 2.1138211382114e-03 2.1138211382114e-03 8.6178861788618e-03 4.8780487804878e-03 8.4227642276423e-02 3.2520325203252e-03 1.7886178861789e-03 7.4796747967480e-03 9.5934959349594e-03 9.1056910569106e-03 5.8536585365854e-03 2.2764227642276e-03 1.7886178861789e-03 1.2357723577236e-02 3.4146341463415e-03 2.4390243902439e-03 2.1138211382114e-03 4.1951219512195e-02 3.9024390243902e-03 3.0406504065041e-02 4.3902439024390e-03 1.2195121951219e-02 4.3902439024390e-03 7.2975609756098e-01 
30 3.3766233766234e-03 2.6493506493506e-02 4.4155844155844e-03 3.6363636363636e-03 2.8571428571429e-03 2.8571428571429e-03 3.1168831168831e-03 5.1948051948052e-03 2.8571428571429e-03 2.5974025974026e-03 2.0519480519481e-02 2.8571428571429e-03 5.4545454545455e-03 1.2597402597403e-01 5.1948051948052e-03 4.6753246753247e-03 2.8571428571429e-03 2.5974025974026e-03 2.8571428571429e-03 2.8571428571429e-03 2.8571428571429e-03 8.5714285714286e-03 2.8571428571429e-03 2.8571428571429e-03 7.4961038961039e-01 
31 2.7225130890052e-03 8.6387434554974e-02 1.1518324607330e-03 3.0366492146597e-03 5.7591623036649e-03 3.3507853403141e-03 2.4083769633508e-03 1.7801047120419e-03 3.9790575916230e-03 5.7591623036649e-03 5.3403141361257e-03 1.7801047120419e-03 5.3298429319372e-02 6.7015706806283e-03 3.8743455497382e-03 8.4816753926702e-03 3.4554973821990e-03 5.4450261780105e-03 3.2460732984293e-03 2.4083769633508e-03 3.4554973821990e-03 3.0366492146597e-03 8.0628272251309e-03 2.8272251308901e-03 7.7225130890052e-01 
32 8.0423280423280e-03 1.0264550264550e-02 2.8571428571429e-03 4.3386243386243e-03 1.9047619047619e-03 1.4814814814815e-03 2.3280423280423e-03 1.4074074074074e-02 2.0105820105820e-03 1.6190476190476e-02 5.2910052910053e-03 1.7354497354497e-02 8.5502645502646e-02 6.1375661375661e-03 7.3015873015873e-03 1.0582010582011e-02 4.9735449735450e-03 3.8095238095238e-03 2.5396825396825e-03 5.3968253968254e-03 5.1428571428571e-02 4.6560846560846e-03 3.1746031746032e-03 4.7619047619048e-03 7.2359788359788e-01 
33 5.4794520547945e-03 2.7397260273973e-03 3.0136986301370e-03 1.0410958904110e-02 8.2191780821918e-03 4.9315068493151e-03 3.2876712328767e-03 3.2876712328767e-03 4.9315068493151e-03 3.7260273972603e-02 1.6712328767123e-02 1.3150684931507e-02 3.5616438356164e-02 3.8356164383562e-03 6.3013698630137e-03 1.2328767123288e-02 6.3013698630137e-03 3.0136986301370e-03 4.9315068493151e-03 2.7397260273973e-03 3.5616438356164e-03 3.0136986301370e-03 7.3972602739726e-03 2.1287671232877e-01 5.8465753424658e-01 
34 1.6000000000000e-03 2.0800000000000e-03 1.7600000000000e-03 2.8800000000000e-03 2.4000000000000e-03 1.9200000000000e-03 2.5600000000000e-03 3.0400000000000e-03 1.6000000000000e-03 1.1440000000000e-01 2.7200000000000e-03 1.7600000000000e-03 2.2400000000000e-03 1.7600000000000e-03 2.4000000000000e-03 1.7600000000000e-03 1.7600000000000e-03 1.0432000000000e-01 2.5600000000000e-03 1.7600000000000e-03 2.4000000000000e-03 1.3824000000000e-01 1.9200000000000e-03 1.6000000000000e-03 5.9856000000000e-01 
35 3.2402234636872e-03 3.0167597765363e-03 1.9106145251397e-02 2.7932960893855e-03 1.0726256983240e-02 5.1396648044693e-03 2.1229050279330e-03 7.0391061452514e-03 5.2513966480447e-03 1.8100558659218e-02 8.1564245810056e-03 3.1284916201117e-03 2.1452513966480e-02 5.2513966480447e-03 3.0167597765363e-03 1.0391061452514e-02 5.8100558659218e-03 3.3519553072626e-03 6.1452513966481e-03 8.8268156424581e-03 2.1229050279330e-03 1.8994413407821e-03 6.4804469273743e-03 1.8994413407821e-03 8.3553072625698e-01 
36 2.0320855614973e-03 3.7433155080214e-03 1.0032085561497e-01 1.4973262032086e-03 2.0641711229946e-02 1.3903743315508e-03 1.2834224598930e-03 5.2727272727273e-02 2.1390374331551e-03 1.0695187165775e-03 1.3903743315508e-03 1.6042780748663e-03 1.3903743315508e-03 3.2085561497326e-03 1.2834224598930e-03 1.3903743315508e-03 3.6363636363636e-03 2.0320855614973e-03 1.7112299465241e-03 1.2834224598930e-03 9.4117647058824e-03 1.2834224598930e-03 2.5668449197861e-03 2.6737967914438e-03 7.7828877005348e-01 
37 1.8536585365854e-03 2.5365853658537e-03 4.7804878048780e-02 6.8292682926829e-03 5.4634146341463e-03 1.1902439024390e-02 8.0000000000000e-03 4.9756097560975e-03 3.2195121951220e-03 1.2682926829268e-03 2.0487804878049e-03 3.4146341463415e-03 1.9219512195122e-02 5.9414634146341e-02 8.6829268292683e-03 1.4634146341463e-03 3.4146341463415e-03 1.9512195121951e-03 1.5317073170732e-02 2.9268292682927e-03 1.4634146341463e-03 1.3658536585366e-03 2.6341463414634e-03 4.7804878048780e-03 7.7804878048780e-01 
38 8.0412371134021e-03 2.4742268041237e-03 3.0927835051546e-03 2.2680412371134e-03 2.0618556701031e-03 2.8865979381443e-03 2.0618556701031e-03 2.2680412371134e-03 2.8865979381443e-03 2.0618556701031e-03 3.7319587628866e-02 2.2680412371134e-03 3.7113402061856e-03 9.0721649484536e-03 2.2680412371134e-03 2.0618556701031e-03 5.1546391752577e-03 3.0927835051546e-03 4.3298969072165e-03 4.9484536082474e-03 4.5360824742268e-03 2.2680412371134e-03 2.6804123711340e-03 4.5360824742268e-03 8.8164948453608e-01 
39 5.1351351351351e-02 1.4054054054054e-03 3.9027027027027e-02 5.2540540540540e-02 4.1081081081081e-03 5.0810810810811e-03 1.8810810810811e-02 3.4594594594595e-03 2.0540540540541e-03 3.2432432432432e-03 1.5135135135135e-03 2.8540540540541e-02 9.6216216216216e-03 2.1621621621622e-03 1.7081081081081e-02 1.6216216216216e-03 1.4054054054054e-03 1.9459459459459e-03 3.3513513513514e-03 1.4054054054054e-03 3.4594594594595e-03 2.2702702702703e-03 2.7027027027027e-03 1.2972972972973e-03 7.4054054054054e-01 
40 3.0739299610895e-02 2.3346303501945e-03 1.0894941634241e-03 2.5680933852140e-03 2.1789883268482e-03 2.0233463035019e-03 9.2529182879377e-02 2.3346303501946e-03 6.4591439688716e-03 5.7198443579767e-02 1.2684824902724e-02 7.1595330739300e-03 1.2529182879377e-02 2.0233463035019e-03 1.3540856031128e-02 3.4552529182879e-02 7.1595330739300e-03 1.4785992217899e-03 1.4007782101167e-03 7.8599221789883e-03 1.8287937743191e-02 1.1906614785992e-02 8.5603112840467e-03 2.0233463035019e-03 6.5937743190662e-01 
41 2.4669603524229e-03 1.2334801762115e-03 2.5286343612335e-02 1.6740088105727e-03 2.0264317180617e-03 1.8854625550661e-02 3.3480176211454e-03 1.6740088105727e-03 4.0528634361233e-03 5.9030837004405e-03 4.1409691629956e-03 1.6740088105727e-03 3.9647577092511e-03 9.0748898678414e-03 4.1409691629956e-03 1.9823788546256e-02 2.9955947136564e-03 4.2819383259912e-02 3.1718061674009e-03 3.0837004405286e-03 8.0176211453745e-03 2.2907488986784e-03 3.7004405286344e-03 1.8502202643172e-03 8.2273127753304e-01 
42 3.3898305084746e-03 3.3898305084746e-03 3.3898305084746e-03 3.3898305084746e-03 6.1016949152542e-03 4.0677966101695e-03 3.7288135593220e-03 5.4237288135593e-03 3.7288135593220e-03 3.3898305084746e-03 3.7288135593220e-03 4.0677966101695e-03 5.4237288135593e-03 3.7288135593220e-03 3.3898305084746e-03 3.6271186440678e-02 5.0847457627119e-03 4.0677966101695e-03 4.4067796610169e-03 3.3898305084746e-03 3.7288135593220e-03 3.7288135593220e-03 3.3898305084746e-03 4.0677966101695e-03 8.7152542372882e-01 
43 5.2985781990521e-02 3.6966824644550e-03 1.3270142180095e-03 2.0853080568720e-03 2.4644549763033e-03 8.3412322274882e-03 5.9715639810427e-03 1.3270142180095e-03 7.5545023696682e-02 2.2748815165877e-03 1.6018957345972e-02 2.3696682464455e-03 8.9099526066351e-03 2.0853080568720e-03 5.4976303317536e-03 4.9289099526066e-03 2.7488151658768e-03 5.6872037914692e-03 8.2464454976303e-03 4.1706161137441e-03 1.5924170616114e-02 2.0568720379147e-02 4.0000000000000e-02 1.0426540284360e-03 7.0578199052133e-01 
44 3.3027522935780e-03 6.6055045871560e-03 4.4036697247706e-03 2.5688073394495e-03 2.9357798165138e-03 6.6055045871560e-03 1.8348623853211e-03 1.6330275229358e-02 3.1192660550459e-03 2.5688073394495e-03 7.7064220183486e-03 2.5688073394495e-03 7.7064220183486e-03 2.2018348623853e-03 3.4862385321101e-03 3.1192660550459e-03 6.0550458715596e-03 8.4403669724771e-03 2.3853211009174e-03 5.5045871559633e-03 2.2018348623853e-03 2.2018348623853e-03 1.3761467889908e-02 2.0183486238532e-03 8.8036697247706e-01 
45 2.0895522388060e-03 3.3830845771144e-03 1.0547263681592e-02 6.7263681592040e-02 1.8905472636816e-03 1.1940298507463e-03 6.3681592039801e-03 2.8855721393035e-02 2.4875621890547e-03 2.2885572139304e-03 2.0199004975124e-02 4.6069651741294e-02 9.8507462686567e-03 7.7611940298507e-03 1.5920398009950e-03 4.2786069651741e-03 6.0696517412935e-03 3.1840796019901e-03 3.2537313432836e-02 2.2089552238806e-02 4.9751243781094e-03 3.5024875621891e-02 2.1890547263682e-03 2.4875621890547e-03 6.7532338308458e-01 
46 1.5642458100559e-03 2.6815642458101e-03 3.6871508379888e-03 3.0167597765363e-03 2.9050279329609e-03 2.0111731843575e-03 3.3519553072626e-03 5.5865921787710e-03 1.5418994413408e-02 6.2569832402235e-03 2.7932960893855e-03 1.6759776536313e-03 2.0111731843575e-03 6.7039106145251e-03 2.0111731843575e-03 1.4134078212291e-01 4.5810055865922e-03 4.8044692737430e-03 1.9888268156425e-02 9.0502793296089e-03 2.9050279329609e-03 2.6256983240223e-02 8.2681564245810e-03 2.7932960893855e-03 7.1843575418994e-01 
47 1.3111111111111e-01 6.0869565217391e-03 1.6425120772947e-03 2.8019323671498e-03 3.6714975845411e-03 7.1497584541063e-03 7.0531400966184e-03 1.3526570048309e-03 1.3816425120773e-02 2.6086956521739e-03 2.2222222222222e-03 2.9855072463768e-02 7.3429951690821e-03 2.6086956521739e-03 2.8985507246377e-03 5.3140096618358e-03 3.1207729468599e-02 2.6086956521739e-03 5.3140096618358e-03 6.4734299516908e-03 2.4154589371981e-03 2.4154589371981e-03 5.4782608695652e-02 1.6425120772947e-03 6.6560386473430e-01 
48 3.0379746835443e-03 3.7974683544304e-03 3.0379746835443e-03 8.3544303797468e-03 5.8227848101266e-03 5.8227848101266e-03 4.5569620253165e-03 3.2911392405063e-03 3.5443037974684e-03 2.3037974683544e-02 4.8101265822785e-03 1.3924050632911e-02 4.0506329113924e-03 8.3037974683544e-02 7.5949367088607e-03 4.3037974683544e-03 2.2025316455696e-02 4.3797468354430e-02 1.8481012658228e-02 2.5316455696203e-03 2.5316455696203e-03 2.7848101265823e-03 4.0506329113924e-03 2.5316455696203e-03 7.1924050632911e-01 
49 2.5225225225225e-03 3.0630630630631e-03 5.0450450450451e-03 1.8018018018018e-03 2.3423423423423e-03 1.9819819819820e-03 2.7027027027027e-03 1.8018018018018e-03 2.8828828828829e-03 2.5225225225225e-03 2.3423423423423e-03 2.9153153153153e-01 3.2432432432432e-03 2.1621621621622e-03 2.3423423423423e-03 7.7477477477478e-03 2.1621621621622e-03 3.2432432432432e-03 2.8828828828829e-03 5.7657657657658e-03 2.8828828828829e-03 1.8018018018018e-03 6.7927927927928e-02 1.9819819819820e-03 5.7531531531532e-01 
50 4.2201834862385e-03 2.2018348623853e-03 1.8348623853211e-03 2.2018348623853e-03 2.7522935779816e-03 2.2018348623853e-03 7.3394495412844e-03 2.1284403669725e-02 2.3853211009174e-03 2.4770642201835e-02 2.2018348623853e-03 2.0183486238532e-03 2.3853211009174e-03 2.3853211009174e-03 2.3853211009174e-03 1.8348623853211e-03 3.3027522935780e-03 3.4862385321101e-03 7.3394495412844e-03 4.2201834862385e-03 2.5688073394495e-03 1.8899082568807e-02 2.2018348623853e-03 1.3944954128440e-02 8.5963302752294e-01 
51 1.7600000000000e-03 5.1200000000000e-03 2.7200000000000e-03 1.7600000000000e-03 2.7200000000000e-03 2.2400000000000e-03 2.2400000000000e-03 2.5600000000000e-03 3.3600000000000e-03 2.0800000000000e-03 2.4000000000000e-03 1.9200000000000e-03 2.7200000000000e-03 8.1600000000000e-03 1.6000000000000e-03 1.7600000000000e-03 2.0800000000000e-03 2.8800000000000e-03 4.9600000000000e-03 1.1088000000000e-01 2.2400000000000e-03 2.5600000000000e-03 2.0800000000000e-03 2.5600000000000e-03 8.2464000000000e-01 
52 4.8704663212435e-03 1.4196891191710e-02 1.6580310880829e-03 2.0725388601036e-03 3.6062176165803e-02 2.5906735751295e-02 1.9689119170984e-03 1.5544041450777e-03 1.4196891191710e-02 5.1813471502591e-03 2.2797927461140e-03 4.5595854922280e-03 5.3886010362694e-03 1.3471502590674e-02 1.1813471502591e-02 1.7616580310881e-03 4.5595854922280e-03 6.4248704663212e-03 3.3160621761658e-03 2.6010362694301e-02 3.3989637305699e-02 6.8393782383420e-03 1.7616580310881e-02 3.5233160621762e-03 7.5077720207254e-01 
53 8.1339712918660e-03 1.7224880382775e-03 3.2057416267943e-02 6.9377990430622e-02 2.1052631578947e-03 2.4114832535885e-02 5.6459330143541e-03 3.3492822966507e-03 3.7320574162679e-03 2.6794258373206e-03 1.4354066985646e-03 4.4976076555024e-03 1.2727272727273e-02 2.0095693779904e-03 6.3157894736842e-03 1.0526315789474e-03 5.7416267942584e-03 4.5933014354067e-03 1.6267942583732e-03 2.2966507177033e-03 1.3875598086124e-02 2.2009569377990e-03 1.8181818181818e-03 1.3397129186603e-03 7.8555023923445e-01 
54 2.0289855072464e-03 3.4782608695652e-03 3.4782608695652e-03 1.5458937198068e-03 1.7198067632850e-02 2.0289855072464e-03 4.1932367149758e-02 2.9951690821256e-03 1.9323671497585e-03 3.6231884057971e-02 2.1256038647343e-03 1.6425120772947e-03 6.5700483091788e-03 3.1884057971015e-03 2.9951690821256e-03 5.7971014492754e-02 3.0917874396135e-03 2.5120772946860e-03 3.0917874396135e-03 1.8840579710145e-02 3.9420289855072e-02 2.3188405797101e-03 1.9323671497585e-03 7.4396135265701e-03 7.3400966183575e-01 
55 1.1255411255411e-03 1.3852813852814e-03 8.1991341991342e-02 4.3722943722944e-02 1.3852813852814e-03 9.5238095238095e-04 2.2510822510823e-03 1.1255411255411e-03 1.2121212121212e-03 1.7316017316017e-03 1.2987012987013e-03 1.9047619047619e-03 1.1255411255411e-03 9.5238095238095e-04 3.1168831168831e-03 1.2121212121212e-03 1.5584415584416e-03 1.2121212121212e-03 1.2121212121212e-03 1.0389610389610e-03 1.9047619047619e-03 8.2251082251082e-03 1.3160173160173e-02 5.8874458874459e-03 8.1930735930736e-01 
56 2.5205479452055e-02 3.5616438356164e-03 3.5616438356164e-03 5.4794520547945e-03 3.5616438356164e-03 2.7397260273973e-03 3.8356164383562e-03 7.1232876712329e-03 4.1095890410959e-03 4.1095890410959e-03 3.5616438356164e-03 3.2876712328767e-03 3.5616438356164e-03 5.4794520547945e-03 2.6849315068493e-02 3.0136986301370e-03 4.3835616438356e-03 6.5753424657534e-03 3.0136986301370e-03 3.2876712328767e-03 2.7397260273973e-03 4.6575342465754e-03 1.2876712328767e-02 3.5616438356164e-03 8.4986301369863e-01 
57 4.1777777777778e-03 2.8444444444444e-03 3.5555555555556e-02 4.0888888888889e-03 2.2222222222222e-03 8.2577777777778e-02 5.1555555555556e-03 5.1555555555556e-03 2.4888888888889e-03 3.2888888888889e-03 1.6888888888889e-03 4.8888888888889e-03 2.6666666666667e-03 6.3111111111111e-03 6.0444444444444e-03 1.4222222222222e-03 1.8666666666667e-03 2.9333333333333e-03 2.5777777777778e-03 1.3955555555556e-02 5.4222222222222e-03 2.2222222222222e-03 1.9555555555555e-03 1.7777777777778e-03 7.9671111111111e-01 
58 2.8019323671498e-03 1.0618357487923e-01 5.4106280193237e-03 2.7053140096618e-03 6.3768115942029e-03 5.6038647342995e-03 3.4782608695652e-03 3.1304347826087e-02 1.4396135265700e-02 7.0531400966184e-03 3.4782608695652e-03 1.4492753623188e-03 1.8454106280193e-02 1.2173913043478e-02 3.1884057971014e-03 1.2850241545894e-02 2.0289855072464e-03 3.3816425120773e-03 1.7391304347826e-03 2.9951690821256e-03 4.0579710144928e-03 6.5314009661836e-02 3.3816425120773e-03 2.7053140096618e-03 6.7748792270531e-01 
59 2.0000000000000e-02 1.3333333333333e-02 8.8888888888889e-03 1.1111111111111e-02 1.1111111111111e-02 8.1481481481482e-03 7.4074074074074e-03 8.8888888888889e-03 8.8888888888889e-03 1.6296296296296e-02 8.1481481481482e-03 8.1481481481482e-03 9.6296296296296e-03 7.4074074074074e-03 7.4074074074074e-03 7.4074074074074e-03 1.1111111111111e-02 8.8888888888889e-03 9.6296296296296e-03 1.1111111111111e-02 7.4074074074074e-03 1.7037037037037e-02 8.8888888888889e-03 7.4074074074074e-03 7.5629629629630e-01 
60 9.5238095238095e-03 1.1428571428571e-02 9.5238095238095e-03 9.5238095238095e-03 1.1428571428571e-02 9.5238095238095e-03 1.0476190476190e-02 9.5238095238095e-03 9.5238095238095e-03 1.1428571428571e-02 1.0476190476190e-02 9.5238095238095e-03 1.0476190476190e-02 1.0476190476190e-02 1.0476190476190e-02 9.5238095238095e-03 1.0476190476190e-02 9.5238095238095e-03 9.5238095238095e-03 9.5238095238095e-03 1.0476190476190e-02 1.0476190476190e-02 9.5238095238095e-03 9.5238095238095e-03 7.5809523809524e-01 
61 6.9268292682927e-03 1.6292682926829e-02 6.3414634146341e-03 1.7560975609756e-03 1.9024390243902e-02 5.5024390243902e-02 3.6097560975610e-03 2.3414634146341e-03 2.9268292682927e-03 6.0487804878049e-03 3.6292682926829e-02 2.2439024390244e-03 6.0487804878049e-03 3.0243902439024e-03 1.6585365853659e-02 5.4634146341463e-03 1.3268292682927e-02 3.8048780487805e-03 1.7560975609756e-03 3.2195121951220e-03 6.6341463414634e-03 6.8292682926829e-03 2.6341463414634e-03 2.5365853658537e-03 7.6936585365854e-01 
62 1.5642458100559e-03 1.1508379888268e-02 9.7541899441341e-02 4.1340782122905e-03 1.5642458100559e-03 1.3407821229050e-03 1.4525139664804e-03 2.2346368715084e-03 4.0223463687151e-03 2.7932960893855e-03 3.2402234636872e-03 1.5642458100559e-03 5.0279329608939e-03 1.3743016759777e-02 4.5139664804469e-02 2.7932960893855e-03 4.9162011173184e-03 1.4525139664804e-03 1.7877094972067e-03 5.6983240223464e-03 1.3407821229050e-03 3.2402234636872e-03 1.4525139664805e-03 2.5698324022346e-03 7.7787709497207e-01 
63 1.8181818181818e-03 2.8708133971292e-03 1.3397129186603e-03 1.0143540669856e-02 3.6363636363636e-03 3.2535885167464e-03 3.1387559808612e-02 1.0430622009569e-02 2.1722488038278e-02 1.5885167464115e-02 7.6555023923445e-03 4.9760765550239e-03 2.3923444976077e-03 2.2966507177034e-03 1.2248803827751e-02 7.0813397129187e-03 2.7846889952153e-02 1.6267942583732e-03 6.7942583732057e-03 1.6267942583732e-02 9.2153110047847e-02 3.7320574162679e-03 8.2296650717703e-03 2.1052631578947e-03 7.0210526315789e-01 
64 1.3333333333333e-03 1.6888888888889e-03 3.8222222222222e-03 1.1297777777778e-01 2.6666666666667e-03 2.6666666666667e-03 1.6000000000000e-03 2.0444444444444e-03 2.7555555555556e-03 1.9022222222222e-02 4.8000000000000e-03 2.3111111111111e-03 2.7555555555556e-03 2.9333333333333e-03 2.9333333333333e-03 2.4000000000000e-03 1.1111111111111e-02 5.5111111111111e-03 6.9333333333333e-03 5.5111111111111e-03 1.8666666666667e-03 1.2533333333333e-02 2.6666666666667e-03 8.8888888888889e-04 7.8426666666667e-01 
65 2.2222222222222e-03 3.6601307189542e-03 6.0130718954248e-03 5.3594771241830e-03 3.7908496732026e-03 6.6666666666667e-03 4.9673202614379e-03 1.2418300653595e-02 6.0130718954248e-03 9.9346405228758e-03 4.3137254901961e-03 1.0980392156863e-02 1.5686274509804e-03 4.4444444444444e-03 4.7058823529412e-03 1.5686274509804e-03 7.1895424836601e-03 2.8758169934641e-03 2.0522875816993e-02 2.2483660130719e-02 1.8954248366013e-02 1.5686274509804e-03 6.7973856209150e-03 2.2222222222222e-03 8.2875816993464e-01 
66 2.0979020979021e-03 2.3776223776224e-03 1.9580419580420e-03 2.3776223776224e-03 6.4475524475525e-02 1.3986013986014e-03 2.7972027972028e-03 2.7972027972028e-03 2.0979020979021e-03 2.7972027972028e-03 1.5384615384615e-03 1.9580419580420e-03 1.5384615384615e-03 1.3986013986014e-03 1.8181818181818e-03 3.7762237762238e-03 2.3776223776224e-03 1.8181818181818e-03 1.5384615384615e-03 2.0419580419580e-02 1.9580419580420e-03 1.6783216783217e-03 1.6783216783217e-03 8.1118881118881e-03 8.6321678321678e-01 
67 2.7397260273973e-03 2.6484018264840e-03 1.7351598173516e-03 4.0456621004566e-02 2.4657534246575e-03 5.2054794520548e-03 3.2876712328767e-03 4.9315068493151e-03 1.6894977168950e-02 1.8264840182648e-03 2.2831050228311e-03 4.7488584474886e-03 9.4520547945205e-02 3.4703196347032e-03 1.9452054794521e-02 4.7488584474886e-03 1.8264840182648e-03 2.7397260273973e-03 4.4748858447489e-03 5.3881278538813e-03 5.1141552511416e-03 6.2100456621005e-03 2.6484018264840e-03 2.7397260273973e-03 7.5744292237443e-01 
68 4.0000000000000e-03 2.9473684210526e-03 2.1052631578947e-03 2.3157894736842e-03 2.7368421052632e-03 3.3684210526316e-03 2.1052631578947e-03 9.5157894736842e-02 3.3684210526316e-03 2.7368421052632e-03 3.3684210526316e-03 2.5263157894737e-03 2.1052631578947e-03 5.6842105263158e-03 5.2631578947369e-03 3.7894736842105e-03 7.3684210526316e-03 2.1052631578947e-03 3.5789473684210e-03 2.1052631578947e-03 4.8421052631579e-03 2.1052631578947e-03 2.1052631578947e-03 1.1157894736842e-01 7.2063157894737e-01 
69 1.8018018018018e-03 1.9819819819820e-03 1.9819819819820e-03 2.1621621621622e-03 3.4234234234234e-03 5.2612612612613e-02 1.8018018018018e-03 1.9819819819820e-03 1.8018018018018e-03 1.8018018018018e-03 2.1621621621622e-03 2.8828828828829e-03 2.1621621621622e-03 9.8558558558558e-02 1.9819819819820e-03 2.2648648648649e-01 2.1621621621622e-03 2.5225225225225e-03 1.0990990990991e-02 5.7657657657658e-03 2.5225225225225e-03 2.1621621621622e-03 1.8018018018018e-03 1.8018018018018e-03 5.6468468468468e-01 
70 5.6353591160221e-03 1.2154696132597e-03 3.3149171270718e-03 3.8674033149171e-03 1.7679558011050e-03 2.4309392265193e-03 6.9392265193370e-02 7.1823204419889e-03 2.8729281767956e-03 3.5469613259669e-02 1.6574585635359e-03 3.3149171270718e-03 1.8784530386740e-03 1.1381215469613e-02 2.2099447513812e-03 6.7403314917127e-03 9.1712707182320e-03 7.4033149171271e-03 3.0939226519337e-03 3.7569060773481e-03 2.3204419889503e-03 3.0939226519337e-03 5.3038674033149e-03 3.5359116022099e-03 8.0198895027624e-01 
71 3.1219512195122e-03 1.2878048780488e-02 1.7756097560976e-02 1.5902439024390e-02 1.3658536585366e-03 4.1170731707317e-02 2.1463414634146e-03 3.5121951219512e-03 7.9902439024390e-02 1.2682926829268e-03 3.7073170731707e-03 1.2682926829268e-03 2.3414634146341e-03 2.3414634146341e-03 1.6097560975610e-02 2.4390243902439e-03 5.2682926829268e-03 1.3658536585366e-03 2.5365853658537e-03 2.0487804878049e-03 3.4146341463415e-03 4.2926829268293e-03 5.7560975609756e-03 4.2926829268293e-03 7.6380487804878e-01 
72 7.2246696035242e-03 1.0572687224670e-01 9.6916299559471e-04 4.3171806167401e-03 2.7312775330396e-03 1.3215859030837e-03 1.9383259911894e-03 2.0264317180617e-03 4.3171806167401e-03 6.7841409691630e-03 3.2599118942731e-03 3.2599118942731e-03 6.2555066079295e-03 1.5859030837004e-03 3.6123348017621e-03 3.1718061674009e-03 1.2422907488987e-02 1.5859030837004e-03 2.3788546255507e-03 1.7621145374449e-03 9.3480176211454e-02 1.4096916299559e-03 1.2863436123348e-02 2.7312775330396e-03 7.1286343612335e-01 
73 3.5443037974684e-03 3.5443037974684e-03 2.7848101265823e-03 2.7848101265823e-03 5.0632911392405e-03 3.0379746835443e-03 3.0379746835443e-03 4.8101265822785e-03 2.7848101265823e-03 2.5316455696203e-03 4.5569620253165e-03 4.5569620253165e-03 4.0506329113924e-03 2.5316455696203e-03 3.0379746835443e-03 2.7848101265823e-03 4.0506329113924e-03 6.0759493670886e-03 3.5189873417722e-02 2.5316455696203e-03 3.5443037974684e-03 2.5316455696203e-03 5.3924050632911e-02 2.7848101265823e-03 8.3392405063291e-01 
74 1.3071895424837e-03 1.3071895424837e-03 1.3071895424837e-03 1.4379084967320e-02 1.3071895424837e-03 1.4379084967320e-03 1.5686274509804e-03 1.6993464052288e-03 4.7058823529412e-03 1.3071895424837e-03 1.9607843137255e-03 1.2679738562092e-02 1.4379084967320e-03 1.6993464052288e-03 1.4379084967320e-03 3.9215686274510e-03 1.6993464052288e-03 5.7385620915033e-02 2.0915032679739e-03 1.4379084967320e-03 5.7647058823529e-02 4.9019607843137e-02 3.2679738562092e-03 1.3071895424837e-03 7.7267973856209e-01 
75 1.8045112781955e-03 1.8045112781955e-03 1.9548872180451e-03 2.7067669172932e-03 1.8045112781955e-03 2.2556390977444e-03 1.9548872180451e-03 1.8045112781955e-03 1.6541353383459e-03 1.3834586466165e-02 6.7669172932331e-03 1.2180451127820e-02 1.6541353383459e-03 2.4060150375940e-03 1.5037593984962e-03 2.4060150375940e-03 1.8045112781955e-03 1.5037593984962e-03 2.1142857142857e-01 1.6541353383459e-03 5.1127819548872e-03 2.2556390977444e-03 6.0150375939850e-03 5.6240601503759e-02 6.5548872180451e-01 
76 1.3245033112583e-03 1.7218543046358e-03 1.8410596026490e-02 3.0463576158940e-03 1.7218543046358e-03 1.7218543046358e-03 1.9867549668874e-03 9.1390728476821e-03 1.4569536423841e-03 2.1192052980132e-03 1.5894039735099e-03 3.9735099337748e-03 1.7218543046358e-03 4.1059602649007e-03 1.4569536423841e-03 1.5894039735099e-03 1.2715231788079e-02 2.2516556291391e-03 3.4437086092715e-03 1.7218543046358e-03 1.7218543046358e-03 1.2185430463576e-02 1.0874172185430e-01 1.5099337748344e-01 6.4913907284768e-01 
77 4.3076923076923e-03 3.3846153846154e-03 6.1538461538462e-03 5.8461538461539e-03 1.2615384615385e-02 4.3076923076923e-03 5.2307692307692e-03 3.0769230769231e-03 4.0000000000000e-03 3.3846153846154e-03 1.4153846153846e-02 7.5384615384615e-02 4.3076923076923e-02 5.8461538461539e-03 1.5384615384615e-02 3.3846153846154e-03 9.5384615384615e-03 3.3846153846154e-03 6.1538461538462e-03 1.7846153846154e-02 4.9230769230769e-03 7.3846153846154e-03 3.6923076923077e-03 3.0769230769231e-03 7.3446153846154e-01 
78 3.1578947368421e-03 7.3684210526316e-03 3.0239234449761e-02 1.3397129186603e-03 2.8708133971292e-03 1.2153110047847e-01 3.8277511961723e-03 1.7224880382775e-03 3.1578947368421e-03 1.6267942583732e-03 1.9138755980861e-03 1.8181818181818e-03 2.3923444976077e-03 5.0717703349282e-03 5.3588516746412e-03 4.3062200956938e-03 4.8803827751196e-03 3.2535885167464e-03 1.7224880382775e-03 1.9138755980861e-03 1.1483253588517e-03 1.1961722488038e-02 2.6889952153110e-02 2.2009569377990e-03 7.4832535885167e-01 
