0 4.2519685039370e-02 1.9606299212598e-02 1.8582677165354e-02 2.5039370078740e-02 1.6535433070866e-02 1.6535433070866e-02 2.8110236220472e-02 2.0078740157480e-02 1.7165354330709e-02 3.2913385826772e-02 2.3779527559055e-02 2.1102362204724e-02 2.1181102362205e-02 5.0708661417323e-02 1.5826771653543e-02 2.3307086614173e-02 1.8031496062992e-02 4.9291338582677e-02 4.3937007874016e-02 2.5196850393701e-02 1.9291338582677e-02 3.1023622047244e-02 3.1811023622047e-02 1.9921259842520e-02 3.6850393700787e-01 
1 3.1851851851852e-02 2.1759259259259e-02 1.0185185185185e-02 1.5092592592593e-02 1.3518518518519e-02 1.4138888888889e-01 1.6574074074074e-02 1.1018518518519e-02 1.2314814814815e-02 1.2962962962963e-02 1.1388888888889e-02 1.1203703703704e-02 1.5370370370370e-02 1.1203703703704e-02 1.7870370370370e-02 1.5000000000000e-02 2.0925925925926e-02 1.3611111111111e-02 6.8981481481481e-02 2.8703703703704e-02 1.2129629629630e-02 7.5185185185185e-02 1.0555555555556e-02 8.7500000000000e-02 3.1370370370370e-01 
2 4.3148148148148e-02 6.2037037037037e-02 2.9814814814815e-02 2.9259259259259e-02 2.5555555555556e-02 2.8333333333333e-02 7.7592592592593e-02 2.3518518518518e-02 3.2777777777778e-02 3.3888888888889e-02 2.6111111111111e-02 2.0555555555556e-02 2.1666666666667e-02 1.9629629629630e-02 2.1666666666667e-02 2.1666666666667e-02 5.6296296296296e-02 2.3333333333333e-02 3.2962962962963e-02 2.9259259259259e-02 2.8333333333333e-02 3.0185185185185e-02 6.8148148148148e-02 8.3703703703704e-02 1.3055555555556e-01 
3 2.1136363636364e-02 2.0681818181818e-02 3.4924242424242e-02 1.5227272727273e-02 1.4242424242424e-02 1.5454545454545e-02 1.0909090909091e-02 4.5530303030303e-02 1.3863636363636e-02 1.2348484848485e-02 2.9848484848485e-02 1.2196969696970e-02 1.9318181818182e-02 1.2575757575758e-02 1.4545454545455e-02 1.3939393939394e-02 2.3636363636364e-02 4.6060606060606e-02 2.3333333333333e-02 2.0530303030303e-02 2.0454545454545e-02 3.0227272727273e-02 1.0075757575758e-02 1.8030303030303e-02 5.0090909090909e-01 
4 1.5909090909091e-02 1.5909090909091e-02 1.3522727272727e-02 1.3295454545455e-02 1.4204545454545e-02 1.6363636363636e-02 2.0909090909091e-02 1.4090909090909e-02 1.7613636363636e-02 4.0340909090909e-02 1.7045454545455e-02 2.3750000000000e-02 2.4659090909091e-02 1.3181818181818e-02 1.4545454545455e-02 1.6818181818182e-02 1.2613636363636e-02 1.2159090909091e-02 1.2954545454545e-02 1.2272727272727e-02 2.0761363636364e-01 2.3409090909091e-02 3.1477272727273e-02 1.4431818181818e-02 3.8090909090909e-01 
5 1.6232876712329e-02 3.2123287671233e-02 1.8424657534247e-02 1.6506849315068e-02 2.0273972602740e-02 1.6164383561644e-02 1.8082191780822e-02 2.3630136986301e-02 1.9178082191781e-02 2.1095890410959e-02 1.7054794520548e-02 2.0410958904110e-02 2.0410958904110e-02 1.6780821917808e-02 1.7054794520548e-02 2.1575342465753e-02 1.5068493150685e-02 2.2397260273973e-02 4.6232876712329e-02 2.4383561643836e-02 2.9383561643836e-02 4.2671232876712e-02 9.8630136986301e-03 5.7260273972603e-02 4.3773972602740e-01 
6 4.5966386554622e-02 1.8487394957983e-02 2.0672268907563e-02 1.6638655462185e-02 1.9831932773109e-02 2.1176470588235e-02 1.9747899159664e-02 2.8319327731092e-02 2.2689075630252e-02 2.9243697478992e-02 1.7310924369748e-02 4.1596638655462e-02 4.1260504201681e-02 2.4117647058824e-02 2.3781512605042e-02 2.3445378151261e-02 1.7478991596639e-02 1.7058823529412e-02 3.0840336134454e-02 1.9159663865546e-02 1.7983193277311e-02 2.8235294117647e-02 2.7899159663866e-02 1.4369747899160e-02 4.1268907563025e-01 
7 2.0909090909091e-02 2.0113636363636e-02 2.1477272727273e-02 1.7386363636364e-02 1.5568181818182e-02 2.7613636363636e-02 2.9204545454545e-02 1.3181818181818e-02 2.6590909090909e-02 1.3409090909091e-02 3.1477272727273e-02 3.2045454545455e-02 3.9886363636364e-02 1.5000000000000e-02 2.2613636363636e-02 3.8636363636364e-02 3.1818181818182e-02 4.1136363636364e-02 1.9090909090909e-02 1.2727272727273e-02 3.2159090909091e-02 3.5681818181818e-02 1.4204545454545e-02 4.3522727272727e-02 3.8454545454545e-01 
8 4.9318181818182e-02 3.9545454545455e-02 1.6893939393939e-02 1.7196969696970e-02 1.2500000000000e-02 1.6287878787879e-02 1.6060606060606e-02 3.1818181818182e-02 1.6363636363636e-02 1.9166666666667e-02 1.9848484848485e-02 1.9696969696970e-02 2.6742424242424e-02 2.3484848484848e-02 1.6212121212121e-02 2.0984848484848e-02 2.7954545454545e-02 2.2045454545455e-02 1.8181818181818e-02 2.7045454545455e-02 2.6287878787879e-02 9.5454545454545e-03 1.6515151515152e-02 1.4924242424242e-02 4.7537878787879e-01 
9 1.3384615384615e-02 1.4615384615385e-02 1.3153846153846e-02 1.3384615384615e-02 1.4307692307692e-02 1.8307692307692e-02 1.4692307692308e-02 1.1538461538462e-02 2.5615384615385e-02 1.0923076923077e-02 1.3769230769231e-02 1.3923076923077e-02 1.2923076923077e-02 1.9692307692308e-02 1.2000000000000e-02 1.3000000000000e-02 1.0769230769231e-02 1.8307692307692e-02 3.4615384615385e-02 1.8769230769231e-02 8.7692307692308e-03 2.7769230769231e-02 9.6923076923077e-03 5.0230769230769e-02 5.8584615384615e-01 
10 1.3741007194245e-02 1.9424460431655e-02 2.0359712230216e-02 1.6474820143885e-02 1.2446043165468e-02 2.1798561151079e-02 3.8129496402878e-02 1.4244604316547e-02 1.3021582733813e-02 1.6834532374101e-02 4.6690647482014e-02 2.0071942446043e-02 2.4532374100719e-02 1.6762589928058e-02 1.9064748201439e-02 1.6906474820144e-02 2.0143884892086e-02 1.9712230215827e-02 6.3309352517986e-02 2.4316546762590e-02 4.1654676258993e-02 4.4460431654676e-02 2.3956834532374e-02 1.8848920863309e-02 4.1309352517986e-01 
11 1.5590551181102e-02 1.7480314960630e-02 1.5984251968504e-02 2.5826771653543e-02 1.7007874015748e-02 1.8031496062992e-02 1.4566929133858e-02 1.9212598425197e-02 2.1889763779528e-02 1.7401574803150e-02 1.7086614173228e-02 1.9055118110236e-02 3.1889763779528e-02 2.0314960629921e-02 1.6692913385827e-02 2.8267716535433e-02 1.2913385826772e-02 3.3779527559055e-02 1.1259842519685e-02 1.1968503937008e-02 1.8976377952756e-02 1.4330708661417e-02 1.2440944881890e-02 4.8267716535433e-02 5.1976377952756e-01 
12 1.5354330708661e-02 1.9763779527559e-02 2.2440944881890e-02 1.9763779527559e-02 2.0708661417323e-02 1.3307086614173e-02 1.3149606299213e-02 2.5196850393701e-02 1.2519685039370e-02 1.5590551181102e-02 2.8582677165354e-02 2.6456692913386e-02 2.2204724409449e-02 2.1732283464567e-02 1.4566929133858e-02 2.0078740157480e-02 2.6614173228346e-02 1.4173228346457e-02 4.1574803149606e-02 2.4960629921260e-02 2.6850393700787e-02 3.7559055118110e-02 1.8031496062992e-02 3.8425196850394e-02 4.6039370078740e-01 
13 3.3076923076923e-02 2.1025641025641e-02 1.5000000000000e-02 1.5128205128205e-02 1.4871794871795e-02 1.7435897435897e-02 2.9487179487180e-02 1.7820512820513e-02 2.8717948717949e-02 2.1538461538462e-02 2.2179487179487e-02 2.8205128205128e-02 2.4487179487180e-02 1.7307692307692e-02 1.1461538461538e-01 2.1025641025641e-02 1.8205128205128e-02 1.5641025641026e-02 1.1987179487179e-01 1.8974358974359e-02 2.0512820512821e-02 4.2564102564103e-02 2.0512820512821e-02 1.8846153846154e-02 2.8294871794872e-01 
14 2.7014925373134e-02 1.3731343283582e-02 2.0447761194030e-02 1.8805970149254e-02 2.4253731343284e-02 1.6940298507463e-02 2.1940298507463e-02 2.8432835820896e-02 2.4328358208955e-02 2.3358208955224e-02 1.5074626865672e-02 1.4776119402985e-02 3.1641791044776e-02 1.3805970149254e-02 1.6268656716418e-02 2.4029850746269e-02 2.0223880597015e-02 2.0149253731343e-02 2.0671641791045e-02 3.2910447761194e-02 1.8805970149254e-02 3.0746268656716e-02 1.8059701492537e-02 4.1492537313433e-02 4.6208955223881e-01 
15 1.5555555555556e-02 1.6666666666667e-02 1.4861111111111e-02 1.7361111111111e-02 1.6805555555556e-02 2.7472222222222e-01 1.4861111111111e-02 1.5000000000000e-02 1.4305555555556e-02 2.2638888888889e-02 1.4861111111111e-02 1.9583333333333e-02 1.4722222222222e-02 1.7638888888889e-02 1.5138888888889e-02 1.5555555555556e-02 1.9444444444444e-02 8.8472222222222e-02 2.5416666666667e-02 1.9861111111111e-02 1.4305555555556e-02 3.3194444444444e-02 1.8333333333333e-02 5.5138888888889e-02 2.0555555555556e-01 
16 1.5338983050847e-02 1.6101694915254e-02 1.4322033898305e-02 1.3135593220339e-02 1.3644067796610e-02 1.0932203389831e-02 1.0423728813559e-02 1.2542372881356e-02 1.5423728813559e-02 3.0084745762712e-02 1.1525423728814e-02 1.7542372881356e-02 1.1440677966102e-02 1.1525423728814e-02 1.3220338983051e-02 1.3389830508475e-02 1.6101694915254e-02 1.1186440677966e-02 9.9152542372882e-03 1.4661016949153e-02 2.0508474576271e-02 2.2372881355932e-02 1.8813559322034e-02 1.2796610169492e-02 6.4305084745763e-01 
17 2.1594202898551e-02 1.6376811594203e-02 1.4637681159420e-02 1.9420289855073e-02 1.6376811594203e-02 3.3913043478261e-02 2.2318840579710e-02 2.1304347826087e-02 2.6811594202899e-02 2.8115942028986e-02 1.5942028985507e-02 1.7246376811594e-02 1.6086956521739e-02 1.5942028985507e-02 1.6521739130435e-02 2.5942028985507e-02 1.7536231884058e-02 1.8550724637681e-02 1.7101449275362e-02 2.5652173913044e-02 1.4144927536232e-01 1.6231884057971e-02 1.6376811594203e-02 5.0724637681159e-02 3.6782608695652e-01 
18 1.8235294117647e-02 1.6029411764706e-02 1.6102941176471e-02 2.5514705882353e-02 1.3014705882353e-02 2.0808823529412e-02 1.4632352941176e-02 1.6691176470588e-02 1.7794117647059e-02 2.0220588235294e-02 2.2941176470588e-02 1.3235294117647e-02 1.5661764705882e-02 1.6764705882353e-02 1.1985294117647e-02 2.1764705882353e-02 1.4852941176471e-02 1.3235294117647e-02 2.1323529411765e-02 2.2941176470588e-02 9.0441176470588e-03 5.6470588235294e-02 1.9705882352941e-02 5.3970588235294e-02 5.0705882352941e-01 
19 1.5094339622642e-02 1.5660377358491e-02 1.6415094339623e-02 1.3396226415094e-02 1.3207547169811e-02 1.8773584905660e-02 1.4245283018868e-02 1.8301886792453e-02 4.3584905660377e-02 6.0283018867925e-02 1.7924528301887e-02 3.0377358490566e-02 1.3490566037736e-02 1.5849056603774e-02 2.5188679245283e-02 2.1226415094340e-02 1.8584905660377e-02 1.8867924528302e-02 3.0188679245283e-02 1.3396226415094e-02 7.8396226415094e-02 2.1132075471698e-02 1.6933962264151e-01 4.3490566037736e-02 2.5358490566038e-01 
20 2.0952380952381e-02 1.5317460317460e-02 2.4047619047619e-02 2.8650793650794e-02 1.6031746031746e-02 2.7063492063492e-02 2.9682539682540e-02 2.3571428571429e-02 1.6825396825397e-02 3.4365079365079e-02 3.3015873015873e-02 2.5000000000000e-02 2.4920634920635e-02 1.5000000000000e-02 3.6349206349206e-02 1.4285714285714e-02 2.4365079365079e-02 1.7460317460317e-02 2.2301587301587e-02 3.0238095238095e-02 1.8809523809524e-02 2.4047619047619e-02 6.2380952380952e-02 2.9206349206349e-02 3.8611111111111e-01 
21 1.8641975308642e-02 3.5061728395062e-02 2.2716049382716e-02 1.7777777777778e-02 1.6419753086420e-02 1.7283950617284e-02 2.0987654320988e-02 2.0864197530864e-02 2.3086419753086e-02 6.8641975308642e-02 4.3827160493827e-02 2.1851851851852e-02 1.7407407407407e-02 1.7901234567901e-02 1.4814814814815e-02 1.5432098765432e-02 3.2098765432099e-02 2.4814814814815e-02 2.7901234567901e-02 3.4567901234568e-02 6.8024691358025e-02 2.6419753086420e-02 1.0654320987654e-01 2.9012345679012e-02 2.5790123456790e-01 
22 2.2903225806452e-02 2.0161290322581e-02 1.0790322580645e-01 2.1129032258065e-02 2.0322580645161e-02 1.9354838709677e-02 1.9677419354839e-02 1.8064516129032e-02 2.0000000000000e-02 1.6935483870968e-02 1.8709677419355e-02 2.1451612903226e-02 2.0483870967742e-02 2.2258064516129e-02 4.5322580645161e-02 4.0645161290323e-02 2.0483870967742e-02 2.3870967741935e-02 1.7419354838710e-02 8.8387096774193e-02 3.5967741935484e-02 2.9193548387097e-02 2.9032258064516e-02 5.3709677419355e-02 2.4661290322581e-01 
23 9.6272727272727e-02 1.1636363636364e-02 1.1545454545455e-02 1.3272727272727e-02 1.1636363636364e-02 2.2545454545454e-02 1.6636363636364e-02 1.3727272727273e-02 1.9727272727273e-02 1.0454545454545e-02 1.1636363636364e-02 1.1000000000000e-02 1.1000000000000e-02 1.3727272727273e-02 1.9363636363636e-02 5.5000000000000e-02 8.5454545454545e-02 3.3090909090909e-02 6.0909090909091e-02 2.1818181818182e-02 1.0636363636364e-02 6.6636363636364e-02 1.1527272727273e-01 1.0727272727273e-02 2.4627272727273e-01 
24 1.7185185185185e-02 1.7629629629630e-02 1.6666666666667e-02 2.7555555555556e-02 2.0296296296296e-02 1.6370370370370e-02 1.2814814814815e-02 1.6814814814815e-02 1.7407407407407e-02 1.3481481481481e-02 2.2666666666667e-02 1.4000000000000e-02 1.8518518518519e-02 2.7481481481481e-02 2.3481481481481e-02 1.9777777777778e-02 2.7481481481481e-02 2.3777777777778e-02 5.1629629629630e-02 2.9407407407407e-02 2.6518518518519e-02 2.3703703703704e-02 2.1703703703704e-02 3.8888888888889e-02 4.5474074074074e-01 
25 2.0677966101695e-02 2.3050847457627e-02 4.1186440677966e-02 2.2203389830509e-02 2.4067796610170e-02 2.0508474576271e-02 2.7288135593220e-02 2.1694915254237e-02 2.6440677966102e-02 1.9661016949153e-02 2.2203389830509e-02 2.0338983050847e-02 2.4067796610170e-02 2.1016949152542e-02 1.9661016949153e-02 2.1355932203390e-02 1.6067796610169e-01 2.1355932203390e-02 2.1016949152542e-02 4.1186440677966e-02 1.8305084745763e-02 2.4576271186441e-02 1.7288135593220e-02 2.0508474576271e-02 2.9966101694915e-01 
26 1.8461538461538e-02 1.4846153846154e-02 1.9923076923077e-02 2.2692307692308e-02 2.5461538461538e-02 1.9000000000000e-02 1.4769230769231e-02 2.1923076923077e-02 4.9692307692308e-02 1.2230769230769e-02 1.5615384615385e-02 1.6153846153846e-02 2.3384615384615e-02 1.7153846153846e-02 2.7230769230769e-02 2.6461538461538e-02 2.1692307692308e-02 2.0538461538462e-02 2.8769230769231e-02 2.4769230769231e-02 2.5076923076923e-02 1.9000000000000e-02 1.0092307692308e-01 5.6153846153846e-02 3.5807692307692e-01 
27 2.4035087719298e-02 2.1929824561403e-02 2.3333333333333e-02 2.3684210526316e-02 2.0175438596491e-02 1.4543859649123e-01 2.5614035087719e-02 2.4210526315789e-02 2.2631578947368e-02 1.7894736842105e-02 2.1929824561403e-02 1.9824561403509e-02 2.4385964912281e-02 2.0877192982456e-02 6.6491228070175e-02 2.1228070175439e-02 3.6315789473684e-02 4.6666666666667e-02 5.2105263157895e-02 2.0175438596491e-02 2.6842105263158e-02 4.3508771929825e-02 2.2456140350877e-02 3.7192982456140e-02 1.9105263157895e-01 
28 1.7721518987342e-02 1.5189873417722e-02 1.5316455696203e-02 2.1518987341772e-02 6.9113924050633e-02 5.9367088607595e-02 1.5949367088608e-02 2.1392405063291e-02 3.0000000000000e-02 1.5316455696203e-02 1.7088607594937e-02 2.4303797468354e-02 1.9367088607595e-02 2.1265822784810e-02 3.0506329113924e-02 3.3544303797468e-02 1.7215189873418e-02 4.2151898734177e-02 6.3797468354430e-02 2.2784810126582e-02 2.6582278481013e-02 1.4050632911392e-02 1.5822784810127e-02 5.7468354430380e-02 3.1316455696203e-01 
29 1.5357142857143e-02 1.8928571428571e-02 3.1309523809524e-02 1.8333333333333e-02 1.9404761904762e-02 2.0357142857143e-02 1.6666666666667e-02 2.1547619047619e-02 3.4404761904762e-02 1.6309523809524e-02 3.5119047619048e-02 3.4761904761905e-02 2.5476190476191e-02 3.2976190476190e-02 1.5119047619048e-02 1.7142857142857e-02 6.0357142857143e-02 2.4285714285714e-02 1.7142857142857e-02 2.8095238095238e-02 2.0119047619048e-02 3.7261904761905e-02 2.2142857142857e-02 3.5000000000000e-02 3.8238095238095e-01 
30 4.3606557377049e-02 2.3442622950820e-02 2.0655737704918e-02 2.1475409836066e-02 2.3114754098361e-02 7.8852459016393e-02 1.8852459016393e-02 3.2622950819672e-02 1.7704918032787e-02 2.0163934426229e-02 3.0327868852459e-02 2.0819672131148e-02 1.8524590163934e-02 3.5573770491803e-02 3.1803278688525e-02 2.2786885245902e-02 1.9836065573770e-02 2.2622950819672e-02 6.4754098360656e-02 2.9344262295082e-02 3.3606557377049e-02 2.6065573770492e-02 1.9016393442623e-02 2.0983606557377e-02 3.0344262295082e-01 
31 2.1016949152542e-02 3.3135593220339e-02 2.5847457627119e-02 2.6779661016949e-02 2.1016949152542e-02 2.0847457627119e-02 1.5847457627119e-02 1.5508474576271e-02 1.9491525423729e-02 2.0677966101695e-02 2.8135593220339e-02 1.7711864406780e-02 2.9237288135593e-02 2.0677966101695e-02 2.1779661016949e-02 1.9067796610170e-02 1.6101694915254e-02 2.7627118644068e-02 1.8389830508475e-02 2.3898305084746e-02 2.8898305084746e-02 3.0508474576271e-02 2.7033898305085e-02 6.4491525423729e-02 4.0627118644068e-01 
32 1.5042735042735e-02 2.6153846153846e-02 2.4700854700855e-02 2.2905982905983e-02 2.3247863247863e-02 2.2307692307692e-02 2.1880341880342e-02 1.7948717948718e-02 2.0341880341880e-02 2.5811965811966e-02 2.3333333333333e-02 2.3846153846154e-02 2.6581196581197e-02 2.4102564102564e-02 2.9829059829060e-02 1.9658119658120e-02 2.5811965811966e-02 2.3675213675214e-02 1.7179487179487e-02 4.4529914529915e-02 1.5128205128205e-02 2.1367521367521e-02 3.8034188034188e-02 2.2735042735043e-02 4.2384615384615e-01 
33 2.1694915254237e-02 2.3389830508475e-02 2.1694915254237e-02 2.1694915254237e-02 2.0677966101695e-02 2.0169491525424e-02 2.0338983050847e-02 2.5593220338983e-02 3.6610169491525e-02 2.0169491525424e-02 4.2203389830509e-02 2.0508474576271e-02 2.0338983050847e-02 2.0508474576271e-02 2.4745762711864e-02 2.0677966101695e-02 3.1016949152542e-02 2.3050847457627e-02 1.7966101694915e-02 3.1016949152542e-02 1.9322033898305e-02 3.8474576271186e-02 1.0101694915254e-01 2.6779661016949e-01 8.9322033898305e-02 
34 1.6470588235294e-02 1.6470588235294e-02 1.6588235294118e-02 1.6117647058824e-02 1.6705882352941e-02 4.0705882352941e-02 1.4470588235294e-02 1.5294117647059e-02 1.8470588235294e-02 1.3411764705882e-02 1.6235294117647e-02 1.6235294117647e-02 3.0823529411765e-02 1.5411764705882e-02 1.6470588235294e-02 1.3176470588235e-02 1.2305882352941e-01 2.8470588235294e-02 2.3058823529412e-02 1.5647058823529e-02 1.4964705882353e-01 2.1882352941176e-02 1.4588235294118e-02 4.7882352941176e-02 2.8270588235294e-01 
35 1.5000000000000e-02 1.7232142857143e-02 1.6339285714286e-02 1.7500000000000e-02 1.7321428571429e-02 1.6964285714286e-02 1.3660714285714e-02 1.9107142857143e-02 1.2589285714286e-02 1.9910714285714e-02 2.2410714285714e-02 1.7678571428571e-02 1.7857142857143e-02 1.6250000000000e-02 2.9196428571429e-02 1.9285714285714e-02 1.5446428571429e-02 1.6160714285714e-02 1.6250000000000e-02 1.4285714285714e-02 1.7678571428571e-02 1.3125000000000e-02 2.6428571428571e-02 2.6160714285714e-02 5.6616071428571e-01 
36 2.0344827586207e-02 1.4827586206897e-02 1.1034482758621e-02 1.2155172413793e-02 1.3189655172414e-02 2.8620689655172e-02 1.1896551724138e-02 3.2931034482759e-02 1.2844827586207e-02 1.6465517241379e-02 1.2758620689655e-02 1.9655172413793e-02 1.6379310344828e-02 2.1206896551724e-02 2.2931034482759e-02 2.2068965517241e-02 1.4224137931034e-02 2.2155172413793e-02 1.1896551724138e-02 1.9913793103448e-02 1.1120689655172e-02 2.6551724137931e-02 1.0000000000000e-02 1.0603448275862e-02 5.8422413793103e-01 
37 1.4560000000000e-02 1.9440000000000e-02 2.0080000000000e-02 1.7440000000000e-02 3.6320000000000e-02 3.1120000000000e-02 1.5120000000000e-02 2.4640000000000e-02 1.7680000000000e-02 2.3600000000000e-02 1.6480000000000e-02 1.7520000000000e-02 1.8800000000000e-02 3.2000000000000e-02 2.1440000000000e-02 1.7360000000000e-02 2.0160000000000e-02 2.8400000000000e-02 2.7360000000000e-02 1.4400000000000e-02 1.5680000000000e-02 3.0000000000000e-02 1.9680000000000e-02 3.5280000000000e-02 4.6544000000000e-01 
38 2.2253521126761e-02 2.1830985915493e-02 2.4929577464789e-02 2.0000000000000e-02 1.8028169014085e-02 1.7183098591549e-02 2.1408450704225e-02 2.0140845070423e-02 1.9577464788732e-02 1.8732394366197e-02 2.4788732394366e-02 5.0281690140845e-02 1.5633802816901e-02 1.8169014084507e-02 2.2253521126761e-02 1.7042253521127e-02 3.4366197183099e-02 1.8169014084507e-02 4.0281690140845e-02 1.6619718309859e-02 2.5774647887324e-02 4.4788732394366e-02 2.0422535211268e-02 6.6056338028169e-02 3.8126760563380e-01 
39 1.1304347826087e-02 3.1478260869565e-02 2.0695652173913e-02 1.9565217391304e-02 1.4173913043478e-02 1.5391304347826e-02 1.4956521739130e-02 1.4521739130435e-02 1.6434782608696e-02 1.2260869565217e-02 1.9739130434783e-02 1.6086956521739e-02 1.3739130434783e-02 1.4782608695652e-02 1.2956521739130e-02 1.2608695652174e-02 2.2347826086957e-02 1.4000000000000e-02 1.4782608695652e-02 1.8434782608696e-02 2.2608695652174e-02 1.3478260869565e-02 6.1739130434783e-02 3.0086956521739e-02 5.4182608695652e-01 
40 1.6357615894040e-02 1.4635761589404e-02 1.6887417218543e-02 2.2913907284768e-02 1.9271523178808e-02 1.9403973509934e-02 1.6556291390728e-02 1.5629139072848e-02 2.0000000000000e-02 2.2715231788079e-02 1.0463576158940e-02 1.4172185430464e-02 1.7483443708609e-02 1.4172185430464e-02 2.1059602649007e-02 1.7748344370861e-02 4.0264900662252e-02 1.4172185430464e-02 2.5231788079470e-02 4.5165562913907e-02 1.5960264900662e-02 3.4701986754967e-02 6.9403973509934e-02 2.2715231788079e-02 4.5291390728477e-01 
41 1.6102941176471e-02 1.6544117647059e-02 1.2794117647059e-02 2.2500000000000e-02 1.7058823529412e-02 1.6544117647059e-02 1.8897058823529e-02 2.1617647058824e-02 2.0147058823529e-02 1.4485294117647e-02 1.3455882352941e-02 1.7720588235294e-02 1.5000000000000e-02 1.2720588235294e-02 2.5661764705882e-02 2.2573529411765e-02 3.0220588235294e-02 2.1397058823529e-02 3.9852941176471e-02 2.1102941176471e-02 1.6911764705882e-02 2.5661764705882e-02 1.4044117647059e-02 3.3676470588235e-02 5.1330882352941e-01 
42 2.0769230769231e-02 2.0192307692308e-02 7.3653846153846e-02 2.4230769230769e-02 2.4038461538462e-02 2.1538461538462e-02 2.0384615384615e-02 2.0769230769231e-02 2.0961538461539e-02 2.1346153846154e-02 2.1923076923077e-02 2.0192307692308e-02 3.9807692307692e-02 2.4230769230769e-02 2.1346153846154e-02 2.1923076923077e-02 1.9230769230769e-02 2.2115384615385e-02 7.0576923076923e-02 2.1346153846154e-02 2.0000000000000e-02 7.1923076923077e-02 1.9807692307692e-02 2.6153846153846e-02 3.1153846153846e-01 
43 1.8046875000000e-02 1.3593750000000e-02 2.7578125000000e-02 3.1250000000000e-02 1.8828125000000e-02 2.7656250000000e-02 2.0156250000000e-02 1.5625000000000e-02 1.7656250000000e-02 1.4687500000000e-02 4.0078125000000e-02 1.4687500000000e-02 3.1484375000000e-02 1.4921875000000e-02 2.0468750000000e-02 2.1796875000000e-02 2.7812500000000e-02 2.2656250000000e-02 2.3281250000000e-02 3.0234375000000e-02 5.4765625000000e-02 3.2265625000000e-02 3.0234375000000e-02 5.4453125000000e-02 3.7578125000000e-01 
44 2.2207792207792e-02 2.1558441558442e-02 1.4805194805195e-02 2.4415584415584e-02 2.3376623376623e-02 1.4935064935065e-02 2.9090909090909e-02 2.1688311688312e-02 2.7012987012987e-02 2.0649350649351e-02 3.6493506493506e-02 1.7662337662338e-02 2.0129870129870e-02 3.1688311688312e-02 1.6493506493506e-02 1.4415584415584e-02 1.4025974025974e-02 3.0259740259740e-02 2.5844155844156e-02 2.6103896103896e-02 1.7142857142857e-02 4.7662337662338e-02 1.6493506493506e-02 8.2467532467533e-02 3.8337662337662e-01 
45 2.2195121951220e-02 2.6910569105691e-02 2.0000000000000e-02 2.6097560975610e-02 1.6422764227642e-02 4.3658536585366e-02 2.9186991869919e-02 1.8130081300813e-02 2.1626016260163e-02 1.2032520325203e-02 1.5528455284553e-02 1.6341463414634e-02 2.3008130081301e-02 1.4227642276423e-02 1.4227642276423e-02 2.2520325203252e-02 1.9268292682927e-02 1.1382113821138e-02 2.6991869918699e-02 2.2113821138211e-02 6.4065040650407e-02 3.0081300813008e-02 1.9512195121951e-02 1.7073170731707e-02 4.4739837398374e-01 
46 2.6071428571429e-02 2.3571428571429e-02 1.6250000000000e-02 1.7767857142857e-02 2.0892857142857e-02 2.0714285714286e-02 2.1339285714286e-02 1.9196428571429e-02 2.1517857142857e-02 2.0803571428571e-02 2.0089285714286e-02 1.7589285714286e-02 1.7232142857143e-02 2.3303571428571e-02 2.4375000000000e-02 2.5535714285714e-02 3.6785714285714e-02 1.6607142857143e-02 3.2232142857143e-02 2.0535714285714e-02 3.3750000000000e-02 6.5178571428571e-02 1.8660714285714e-02 4.7857142857143e-02 3.9214285714286e-01 
47 2.4682539682540e-02 1.6825396825397e-02 2.1031746031746e-02 2.1031746031746e-02 1.5158730158730e-02 1.6904761904762e-02 1.6349206349206e-02 1.5873015873016e-02 2.5079365079365e-02 1.3650793650794e-02 2.6746031746032e-02 3.4523809523810e-02 1.2936507936508e-02 1.5238095238095e-02 1.2380952380952e-02 1.5079365079365e-02 1.6190476190476e-02 2.2539682539683e-02 1.5476190476191e-02 1.8095238095238e-02 2.1349206349206e-02 4.5873015873016e-02 9.6904761904762e-02 2.2619047619048e-02 4.3746031746032e-01 
48 2.3225806451613e-02 2.0000000000000e-02 3.7419354838710e-02 2.7258064516129e-02 2.1129032258065e-02 5.1290322580645e-02 3.6612903225806e-02 4.0000000000000e-02 2.0806451612903e-02 3.2258064516129e-02 1.8870967741935e-02 1.7903225806452e-02 2.4516129032258e-02 1.8709677419355e-02 1.9032258064516e-02 2.6612903225806e-02 2.8870967741935e-02 1.1048387096774e-01 2.1612903225806e-02 3.4677419354839e-02 2.2258064516129e-02 1.7096774193548e-02 3.3225806451613e-02 6.3709677419355e-02 2.3241935483871e-01 
49 1.6538461538462e-02 1.5128205128205e-02 1.7628205128205e-01 1.6923076923077e-02 2.6794871794872e-02 2.0512820512821e-02 2.0769230769231e-02 1.6153846153846e-02 2.1282051282051e-02 1.6282051282051e-02 1.8333333333333e-02 2.8205128205128e-02 1.8974358974359e-02 2.8333333333333e-02 2.0512820512821e-02 3.3333333333333e-02 1.3846153846154e-02 1.4358974358974e-02 5.7307692307692e-02 6.0000000000000e-02 1.5256410256410e-02 8.3589743589744e-02 2.5000000000000e-02 1.7179487179487e-02 2.1910256410256e-01 
50 1.6363636363636e-02 1.5844155844156e-02 1.5714285714286e-02 1.6233766233766e-02 1.6753246753247e-02 1.6363636363636e-02 1.7272727272727e-02 1.5974025974026e-02 1.5584415584416e-02 1.8961038961039e-02 1.8051948051948e-02 1.6103896103896e-02 1.6753246753247e-02 1.5194805194805e-02 1.5064935064935e-02 3.5844155844156e-02 3.0909090909091e-02 3.1558441558442e-02 1.7662337662338e-02 1.5844155844156e-02 3.5844155844156e-02 2.0519480519480e-02 1.0116883116883e-01 9.7792207792208e-02 3.6662337662338e-01 
51 3.6000000000000e-02 1.5058823529412e-02 1.4352941176471e-02 1.5882352941176e-02 1.5529411764706e-02 3.1529411764706e-02 1.7764705882353e-02 5.4705882352941e-02 1.8352941176471e-02 1.9058823529412e-02 3.7882352941176e-02 2.3058823529412e-02 2.2588235294118e-02 2.0117647058824e-02 3.2941176470588e-02 3.0235294117647e-02 1.5294117647059e-02 1.6117647058824e-02 2.6117647058823e-02 3.3058823529412e-02 1.5294117647059e-02 9.3058823529412e-02 1.4588235294118e-02 8.6588235294118e-02 2.9482352941176e-01 
52 1.7647058823529e-02 2.0588235294118e-02 2.2268907563025e-02 2.3865546218487e-02 3.9663865546218e-02 2.0252100840336e-02 1.8823529411765e-02 1.9831932773109e-02 3.2016806722689e-02 1.5042016806723e-02 2.2773109243698e-02 1.4621848739496e-02 3.3193277310924e-02 1.5546218487395e-02 1.9411764705882e-02 1.8907563025210e-02 1.9243697478992e-02 2.0504201680672e-02 2.2689075630252e-02 1.7563025210084e-02 4.1512605042017e-02 1.4873949579832e-02 1.4537815126050e-02 1.5126050420168e-02 4.7949579831933e-01 
53 1.0708661417323e-02 2.0157480314961e-02 1.5669291338583e-02 1.1968503937008e-02 1.5669291338583e-02 1.4094488188976e-02 1.3543307086614e-02 1.6771653543307e-02 1.8267716535433e-02 1.4409448818898e-02 1.8818897637795e-02 2.7401574803150e-02 1.8503937007874e-02 3.5039370078740e-02 1.3070866141732e-02 1.6141732283465e-02 2.1181102362205e-02 1.2125984251969e-02 2.3307086614173e-02 2.0078740157480e-02 1.4488188976378e-02 2.1496062992126e-02 1.0866141732283e-02 1.9370078740157e-02 5.7685039370079e-01 
54 2.7857142857143e-02 1.8174603174603e-02 1.5634920634921e-02 3.1428571428571e-02 2.1269841269841e-02 2.1269841269841e-02 2.2063492063492e-02 2.3253968253968e-02 3.0634920634921e-02 1.4841269841270e-02 2.0238095238095e-02 1.4761904761905e-02 3.4206349206349e-02 1.4285714285714e-02 2.4841269841270e-02 2.1031746031746e-02 3.4523809523810e-02 1.7222222222222e-02 1.8174603174603e-02 2.7460317460317e-02 1.7063492063492e-02 2.1587301587302e-02 2.9365079365079e-02 5.0317460317460e-02 4.2849206349206e-01 
55 1.0942028985507e-02 1.3913043478261e-02 1.0652173913044e-02 1.7246376811594e-02 1.3985507246377e-02 1.3840579710145e-02 1.1594202898551e-02 1.2463768115942e-02 1.4347826086957e-02 1.0942028985507e-02 1.4130434782609e-02 1.1449275362319e-02 1.0724637681159e-02 1.9782608695652e-02 1.2318840579710e-02 1.3115942028986e-02 9.7826086956522e-03 1.1014492753623e-02 1.2246376811594e-02 1.5797101449275e-02 5.0507246376812e-02 1.7246376811594e-02 1.4202898550725e-02 3.2318840579710e-02 6.2543478260870e-01 
56 2.7118644067797e-02 2.1864406779661e-02 2.7288135593220e-02 2.4237288135593e-02 2.0169491525424e-02 2.0169491525424e-02 1.9491525423729e-02 2.5423728813559e-02 1.8983050847458e-02 2.3220338983051e-02 3.1186440677966e-02 3.2881355932203e-02 2.3389830508475e-02 1.9830508474576e-02 2.3050847457627e-02 2.4745762711864e-02 3.6949152542373e-02 3.0847457627119e-02 2.6101694915254e-02 2.0677966101695e-02 3.4067796610170e-02 3.3728813559322e-02 3.2033898305085e-02 5.8644067796610e-02 3.4389830508475e-01 
57 2.3555555555556e-02 2.2592592592593e-02 1.3629629629630e-02 1.7925925925926e-02 1.9851851851852e-02 1.3333333333333e-02 1.4222222222222e-02 1.5703703703704e-02 1.8740740740741e-02 1.7481481481481e-02 1.1555555555556e-02 1.2592592592593e-02 1.2222222222222e-02 1.7703703703704e-02 1.2074074074074e-02 1.3185185185185e-02 1.6888888888889e-02 1.0962962962963e-02 3.4814814814815e-02 2.2592592592593e-02 1.7851851851852e-02 1.5407407407407e-02 2.9777777777778e-02 6.4518518518519e-02 5.3081481481482e-01 
58 4.2619047619048e-02 2.6190476190476e-02 1.5476190476190e-02 1.9841269841270e-02 1.6587301587302e-02 2.1190476190476e-02 2.6666666666667e-02 3.7063492063492e-02 3.1984126984127e-02 3.1746031746032e-02 2.8174603174603e-02 2.0317460317460e-02 2.0555555555556e-02 2.6666666666667e-02 2.1507936507937e-02 2.7936507936508e-02 2.2936507936508e-02 1.8174603174603e-02 2.3095238095238e-02 2.2777777777778e-02 6.5079365079365e-02 3.9206349206349e-02 1.3888888888889e-02 3.2619047619048e-02 3.4769841269841e-01 
59 2.9166666666667e-02 3.1111111111111e-02 3.7222222222222e-02 3.3055555555556e-02 2.8055555555555e-02 2.9722222222222e-02 2.8888888888889e-02 3.3055555555555e-02 2.9722222222222e-02 3.0833333333333e-02 3.2222222222222e-02 2.8888888888889e-02 2.8333333333333e-02 3.0277777777778e-02 2.8888888888889e-02 2.8333333333333e-02 3.7500000000000e-02 3.0833333333333e-02 2.8333333333333e-02 2.8333333333333e-02 5.7777777777778e-02 5.5277777777778e-02 4.8055555555555e-02 2.8055555555555e-02 1.9805555555556e-01 
60 6.4242424242424e-02 3.0606060606061e-02 3.2727272727273e-02 3.0606060606061e-02 3.5151515151515e-02 3.1515151515151e-02 3.0909090909091e-02 3.1818181818182e-02 3.5757575757576e-02 3.2424242424242e-02 3.3333333333333e-02 3.0909090909091e-02 3.1515151515151e-02 5.3030303030303e-02 3.4242424242424e-02 3.5151515151515e-02 3.2424242424242e-02 3.0303030303030e-02 3.0606060606061e-02 3.0909090909091e-02 3.0303030303030e-02 3.0909090909091e-02 3.0606060606061e-02 3.0606060606061e-02 1.7939393939394e-01 
61 2.2480000000000e-02 1.5120000000000e-02 1.4240000000000e-02 2.7920000000000e-02 1.7760000000000e-02 2.0960000000000e-02 1.8960000000000e-02 1.4640000000000e-02 2.0560000000000e-02 1.4560000000000e-02 2.0320000000000e-02 1.8000000000000e-02 3.6960000000000e-02 1.8880000000000e-02 2.1120000000000e-02 2.7760000000000e-02 2.7920000000000e-02 2.7440000000000e-02 1.9680000000000e-02 1.9680000000000e-02 1.8000000000000e-02 1.8880000000000e-02 4.4640000000000e-02 1.7760000000000e-02 4.7576000000000e-01 
62 4.0803571428571e-02 1.8750000000000e-02 1.8750000000000e-02 1.9553571428571e-02 1.7500000000000e-02 1.5714285714286e-02 1.4017857142857e-02 1.8214285714286e-02 3.1696428571429e-02 2.0714285714286e-02 1.9642857142857e-02 1.8928571428571e-02 2.2232142857143e-02 2.0714285714286e-02 1.8571428571429e-02 2.7678571428571e-02 1.6160714285714e-02 1.6517857142857e-02 2.3303571428571e-02 3.4107142857143e-02 1.9553571428571e-02 1.4285714285714e-02 1.4464285714286e-02 2.0982142857143e-02 4.9714285714286e-01 
63 2.7086614173228e-02 2.2440944881890e-02 3.2125984251968e-02 2.4488188976378e-02 2.0629921259843e-02 2.1338582677165e-02 3.0000000000000e-02 1.4488188976378e-02 2.5354330708661e-02 2.0787401574803e-02 2.9291338582677e-02 1.7716535433071e-02 1.6299212598425e-02 2.1102362204724e-02 2.3858267716535e-02 3.2677165354331e-02 2.3858267716535e-02 2.0157480314961e-02 4.0787401574803e-02 2.2519685039370e-02 1.7716535433071e-02 2.4330708661417e-02 2.4409448818898e-02 8.1968503937008e-02 3.6456692913386e-01 
64 1.6518518518519e-02 1.2444444444444e-02 4.0592592592593e-02 1.9185185185185e-02 1.4074074074074e-02 1.4592592592593e-02 1.6148148148148e-02 1.5555555555556e-02 1.2814814814815e-02 1.0592592592593e-02 1.5037037037037e-02 1.6814814814815e-02 2.0518518518519e-02 1.9925925925926e-02 2.4962962962963e-02 1.8370370370370e-02 1.3481481481481e-02 2.2000000000000e-02 2.4518518518519e-02 2.6222222222222e-02 2.9333333333333e-02 3.4518518518519e-02 1.2370370370370e-02 1.5925925925926e-02 5.3348148148148e-01 
65 1.4747474747475e-02 1.8989898989899e-02 1.8383838383838e-02 1.9191919191919e-02 1.6767676767677e-02 2.6262626262626e-02 1.9696969696970e-02 2.3434343434343e-02 2.1616161616162e-02 1.7979797979798e-02 2.5656565656566e-02 1.6161616161616e-02 2.3838383838384e-02 2.0000000000000e-02 1.7070707070707e-02 3.6969696969697e-02 3.7272727272727e-02 2.1717171717172e-02 2.9898989898990e-02 3.5252525252525e-02 1.5151515151515e-02 3.6262626262626e-02 3.7171717171717e-02 3.6565656565657e-02 4.1393939393939e-01 
66 1.4148936170213e-02 1.3936170212766e-02 1.2978723404255e-02 4.5531914893617e-02 1.3085106382979e-02 1.3617021276596e-02 1.3829787234043e-02 1.3829787234043e-02 1.3404255319149e-02 1.6595744680851e-02 2.1063829787234e-02 1.6914893617021e-02 1.8085106382979e-02 1.3617021276596e-02 1.4787234042553e-02 1.1489361702128e-02 1.9787234042553e-02 1.3723404255319e-02 3.0638297872340e-02 6.0744680851064e-02 1.4255319148936e-02 1.3510638297872e-02 5.1382978723404e-02 1.3042553191489e-01 3.9861702127660e-01 
67 2.1969696969697e-02 2.1363636363636e-02 1.1742424242424e-02 3.2424242424242e-02 2.6515151515152e-02 1.2575757575758e-02 1.9090909090909e-02 1.4469696969697e-02 1.7727272727273e-02 2.3712121212121e-02 1.7121212121212e-02 1.2196969696970e-02 2.8106060606061e-02 3.4318181818182e-02 2.0227272727273e-02 3.2121212121212e-02 3.0909090909091e-02 4.4393939393939e-02 3.5227272727273e-02 2.1590909090909e-02 2.2727272727273e-02 6.1515151515152e-02 2.2500000000000e-02 2.3560606060606e-02 3.9189393939394e-01 
68 2.0142857142857e-02 1.7000000000000e-02 1.7142857142857e-02 2.0000000000000e-02 1.7142857142857e-02 2.0857142857143e-02 5.3714285714286e-02 5.2857142857143e-02 3.3142857142857e-02 2.2714285714286e-02 1.8142857142857e-02 2.9285714285714e-02 2.3285714285714e-02 2.1857142857143e-02 2.1857142857143e-02 6.4428571428571e-02 2.7285714285714e-02 1.3457142857143e-01 2.3285714285714e-02 3.2857142857143e-02 2.1428571428571e-02 1.7571428571429e-02 5.2285714285714e-02 6.1285714285714e-02 1.7585714285714e-01 
69 1.5384615384615e-02 1.4358974358974e-02 1.3717948717949e-02 1.8461538461538e-02 3.9743589743590e-02 1.0448717948718e-01 1.3205128205128e-02 1.5256410256410e-02 1.4230769230769e-02 1.6025641025641e-02 1.3974358974359e-02 1.4358974358974e-02 1.5769230769231e-02 1.8589743589744e-02 1.7051282051282e-02 1.5641025641026e-02 8.3205128205128e-02 2.2948717948718e-02 3.0384615384615e-02 2.8974358974359e-02 1.7051282051282e-02 1.5153846153846e-01 1.4102564102564e-02 3.3461538461538e-02 2.5807692307692e-01 
70 1.9823008849558e-02 2.1858407079646e-02 2.4690265486726e-02 1.9380530973451e-02 1.4778761061947e-02 1.3628318584071e-02 1.3805309734513e-02 1.9734513274336e-02 1.8141592920354e-02 2.6814159292035e-02 1.8938053097345e-02 2.1504424778761e-02 1.6106194690265e-02 1.5840707964602e-02 1.7787610619469e-02 1.2566371681416e-02 2.0707964601770e-02 2.7699115044248e-02 1.5575221238938e-02 2.4601769911504e-02 1.8053097345133e-02 3.8407079646018e-02 4.5398230088496e-02 5.1592920353982e-02 4.6256637168142e-01 
71 1.5840000000000e-02 1.3200000000000e-02 1.4080000000000e-02 1.6960000000000e-02 1.9360000000000e-02 1.8560000000000e-02 1.5120000000000e-02 2.1520000000000e-02 1.4400000000000e-02 2.1680000000000e-02 2.6320000000000e-02 1.9120000000000e-02 1.3920000000000e-02 1.4560000000000e-02 1.3360000000000e-02 1.4800000000000e-02 1.8240000000000e-02 1.9200000000000e-02 3.6480000000000e-02 3.0400000000000e-02 3.0400000000000e-02 4.4000000000000e-02 1.4480000000000e-02 2.1360000000000e-02 5.1264000000000e-01 
72 5.5588235294118e-02 1.4117647058824e-02 1.6176470588235e-02 2.3014705882353e-02 1.5661764705882e-02 1.7132352941176e-02 1.3455882352941e-02 1.8235294117647e-02 1.3750000000000e-02 2.0808823529412e-02 2.0955882352941e-02 3.4411764705882e-02 2.2205882352941e-02 2.0220588235294e-02 1.9117647058824e-02 2.2794117647059e-02 1.4779411764706e-02 2.9558823529412e-02 2.4411764705882e-02 2.8235294117647e-02 2.6176470588235e-02 2.7352941176471e-02 2.7426470588235e-02 6.5588235294118e-02 4.0882352941176e-01 
73 2.2741935483871e-02 2.0161290322581e-02 3.7741935483871e-02 1.9516129032258e-02 1.7258064516129e-02 2.4354838709677e-02 3.8064516129032e-02 2.0645161290323e-02 1.8709677419355e-02 1.8225806451613e-02 2.2903225806452e-02 2.0967741935484e-02 2.4677419354839e-02 1.9354838709677e-02 1.6774193548387e-02 2.2419354838710e-02 2.5161290322581e-02 3.7741935483871e-02 1.7258064516129e-02 1.9677419354839e-02 1.7419354838710e-02 3.6774193548387e-02 1.6612903225806e-02 7.9677419354839e-02 3.8516129032258e-01 
74 1.9292929292929e-02 1.2222222222222e-02 4.0707070707071e-02 1.3636363636364e-02 1.2525252525253e-02 1.4949494949495e-02 1.4848484848485e-02 1.5555555555556e-02 1.6868686868687e-02 1.3333333333333e-02 1.4141414141414e-02 4.0707070707071e-02 1.6060606060606e-02 1.2828282828283e-02 1.4040404040404e-02 3.9393939393939e-02 1.2626262626263e-02 1.2929292929293e-02 1.3030303030303e-02 1.1616161616162e-02 5.4141414141414e-02 1.5050505050505e-02 1.2424242424242e-02 1.4040404040404e-02 5.4303030303030e-01 
75 1.6741573033708e-02 1.6179775280899e-02 1.5730337078652e-02 1.7191011235955e-02 1.3483146067416e-02 2.9101123595506e-02 1.3483146067416e-02 1.3932584269663e-02 1.7191011235955e-02 3.6629213483146e-02 1.6853932584270e-02 2.1685393258427e-02 1.3932584269663e-02 1.4831460674157e-02 1.3258426966292e-02 1.3483146067416e-02 2.2471910112360e-02 1.6674157303371e-01 3.2921348314607e-02 2.0786516853933e-02 1.5730337078652e-02 4.2471910112360e-02 4.8651685393258e-02 8.9775280898876e-02 2.7674157303371e-01 
76 1.4897959183673e-02 2.2551020408163e-02 2.3673469387755e-02 2.4795918367347e-02 1.3877551020408e-02 1.5408163265306e-02 2.1530612244898e-02 1.6428571428571e-02 5.9387755102041e-02 8.1122448979592e-02 1.3775510204082e-02 3.6632653061225e-02 1.2755102040816e-02 1.5306122448980e-02 1.7551020408163e-02 6.7040816326531e-02 1.3061224489796e-02 1.4183673469388e-02 2.7244897959184e-02 4.2346938775510e-02 3.2857142857143e-02 2.4387755102041e-02 6.2653061224490e-02 8.5408163265306e-02 2.4112244897959e-01 
77 2.3818181818182e-02 2.7818181818182e-02 2.2181818181818e-02 2.4181818181818e-02 6.4181818181818e-02 2.4545454545455e-02 4.0000000000000e-02 2.7090909090909e-02 2.5454545454545e-02 2.0545454545455e-02 2.5454545454545e-02 3.7818181818182e-02 3.5454545454545e-02 6.8000000000000e-02 2.3636363636364e-02 2.7818181818182e-02 2.2545454545455e-02 2.4545454545455e-02 9.1454545454546e-02 2.2363636363636e-02 3.0363636363636e-02 8.7818181818182e-02 2.6545454545455e-02 2.2909090909091e-02 1.5345454545455e-01 
78 1.4173228346457e-02 1.9448818897638e-02 1.9842519685039e-02 2.4488188976378e-02 1.0866141732283e-02 2.4251968503937e-02 1.7007874015748e-02 1.3070866141732e-02 2.3385826771654e-02 1.4960629921260e-02 1.4803149606299e-02 2.0000000000000e-02 1.7874015748031e-02 1.7086614173228e-02 1.7480314960630e-02 1.5433070866142e-02 2.0314960629921e-02 2.4409448818898e-02 2.4173228346457e-02 2.3779527559055e-02 1.5511811023622e-02 2.3149606299213e-02 1.0944881889764e-02 4.3700787401575e-02 5.2984251968504e-01 
