0 1.7799043062201e-02 2.1148325358852e-02 1.5119617224880e-02 5.4736842105263e-02 1.4162679425837e-02 1.0162679425837e-01 1.3779904306220e-02 1.4708133971292e-01 1.3875598086124e-01 2.9856459330144e-02 4.5071770334928e-02 1.7511961722488e-02 5.6076555023923e-02 2.1913875598086e-02 1.1483253588517e-03 3.3014354066986e-02 7.0143540669856e-02 3.0717703349282e-02 9.6650717703349e-03 3.3684210526316e-02 4.1435406698565e-02 3.8564593301435e-02 2.5837320574163e-03 1.8086124401914e-02 2.6315789473684e-02 
1 3.1578947368421e-03 3.8596491228070e-03 1.8713450292398e-03 1.7894736842105e-02 1.5204678362573e-03 7.0210526315789e-01 8.4210526315789e-03 9.0877192982456e-02 1.7660818713450e-02 3.7426900584795e-03 4.2105263157895e-03 3.3918128654971e-03 5.2631578947368e-03 1.7543859649123e-03 2.1052631578947e-03 2.3625730994152e-02 7.0175438596491e-03 1.4619883040936e-02 3.0175438596491e-02 2.3976608187135e-02 1.9298245614035e-02 6.5497076023392e-03 2.6900584795322e-03 2.2222222222222e-03 1.9883040935672e-03 
2 1.6825396825397e-02 1.2063492063492e-02 1.3238095238095e-01 3.8095238095238e-03 2.2825396825397e-01 1.1746031746032e-02 4.7619047619048e-03 1.9365079365079e-02 1.9650793650794e-01 7.3015873015873e-03 6.9841269841270e-03 4.1269841269841e-03 4.1269841269841e-03 4.4444444444444e-03 6.3492063492064e-03 1.5238095238095e-02 4.1269841269841e-03 1.2190476190476e-01 1.7460317460317e-02 1.0984126984127e-01 3.8095238095238e-03 5.3968253968254e-03 7.9365079365079e-03 4.6984126984127e-02 8.2539682539683e-03 
3 2.1187214611872e-02 2.2191780821918e-02 3.5433789954338e-02 2.2374429223744e-02 2.6484018264840e-03 8.2191780821918e-03 2.7671232876712e-02 3.9260273972603e-01 5.7534246575342e-03 7.4885844748858e-03 8.3105022831050e-03 3.9269406392694e-02 8.9497716894977e-03 3.7442922374429e-03 6.8219178082192e-02 1.2054794520548e-02 5.0228310502283e-03 4.2009132420091e-02 1.0228310502283e-02 1.6438356164384e-02 1.9808219178082e-01 4.7488584474886e-03 1.1689497716895e-02 5.4794520547945e-03 2.0182648401826e-02 
4 8.5496183206107e-03 1.5267175572519e-03 3.0687022900763e-02 8.0916030534351e-03 4.9770992366412e-02 3.0534351145038e-03 6.1068702290077e-03 3.0580152671756e-01 3.0534351145038e-03 3.5114503816794e-03 1.9541984732824e-02 1.2824427480916e-02 3.6030534351145e-01 1.4351145038168e-02 4.4274809160305e-03 3.5114503816794e-03 3.9694656488550e-03 5.3435114503817e-03 3.5114503816794e-03 3.7404580152672e-02 9.8320610687023e-02 3.0534351145038e-03 3.5114503816794e-03 6.7175572519084e-03 3.0534351145038e-03 
5 1.8477732793522e-01 6.5829959514170e-02 3.8623481781377e-02 4.3724696356275e-03 6.8016194331984e-03 1.5141700404858e-01 5.4736842105263e-02 2.3020242914980e-01 3.2307692307692e-02 3.8056680161943e-03 2.9473684210526e-02 2.0971659919028e-02 5.7489878542510e-03 1.7813765182186e-03 2.8340080971660e-03 4.6963562753036e-03 5.5870445344130e-03 2.4291497975708e-03 2.3643724696356e-02 7.0445344129555e-03 5.9190283400810e-02 3.9676113360324e-02 1.1417004048583e-02 4.3724696356275e-03 8.2591093117409e-03 
6 2.2590673575130e-02 1.6891191709845e-02 2.4248704663212e-02 4.5595854922280e-03 1.5544041450777e-02 6.4248704663212e-03 7.4611398963731e-03 1.5450777202073e-01 2.0725388601036e-03 6.0932642487047e-02 1.0974093264249e-01 3.4093264248705e-02 5.1813471502591e-03 1.4611398963731e-02 2.1264248704663e-01 5.9067357512953e-03 8.8497409326425e-02 6.9430051813471e-03 4.0414507772021e-03 8.4455958549223e-02 9.9481865284974e-03 5.2849740932642e-03 6.3834196891192e-02 3.6994818652850e-02 2.5906735751295e-03 
7 2.0152671755725e-02 1.1755725190840e-02 7.4656488549618e-02 1.2076335877863e-01 1.6793893129771e-03 6.6259541984733e-02 3.6641221374046e-03 2.5083969465649e-01 1.6793893129771e-03 6.5648854961832e-03 1.8320610687023e-03 1.8320610687023e-03 5.4961832061069e-03 1.6793893129771e-03 2.9007633587786e-03 2.4427480916030e-03 7.9389312977099e-03 3.2061068702290e-03 2.9007633587786e-03 3.8167938931298e-03 1.4274809160305e-01 1.7908396946565e-01 4.4427480916031e-02 3.9541984732825e-02 2.1374045801527e-03 
8 1.7296803652968e-01 1.2511415525114e-02 5.0867579908676e-02 8.3105022831050e-03 8.0365296803653e-03 1.5525114155251e-03 3.1598173515982e-02 2.5278538812785e-01 1.1506849315068e-02 1.3698630136986e-03 1.9360730593607e-02 2.6301369863014e-02 5.0228310502283e-03 2.2191780821918e-02 1.6063926940639e-01 3.9269406392694e-03 4.8493150684932e-02 1.7351598173516e-03 1.7442922374429e-02 5.2054794520548e-03 1.7442922374429e-02 4.2922374429224e-03 8.1187214611872e-02 2.1735159817352e-02 1.3515981735160e-02 
9 2.1209302325581e-01 1.0232558139535e-02 2.6697674418605e-02 2.9767441860465e-03 4.9302325581395e-03 7.7953488372093e-02 1.9134883720930e-01 2.3246511627907e-01 4.0930232558140e-03 4.0930232558139e-03 2.2325581395349e-03 1.8790697674419e-02 2.7906976744186e-03 4.3720930232558e-03 1.8604651162791e-03 6.1395348837209e-03 2.4744186046512e-02 3.7209302325581e-03 2.6976744186046e-03 5.4883720930233e-03 1.0483720930233e-01 2.3255813953488e-03 1.0697674418605e-02 4.0651162790698e-02 1.7674418604651e-03 
10 5.8884120171674e-02 2.4635193133047e-02 1.2875536480687e-03 1.1261802575107e-01 2.7467811158798e-03 5.4935622317597e-03 1.8025751072961e-03 1.9330472103004e-01 3.0901287553648e-02 2.7467811158798e-03 5.6309012875536e-02 1.0987124463519e-02 7.7253218884120e-03 3.7768240343348e-03 1.1115879828326e-01 2.9184549356223e-03 1.7510729613734e-02 3.2618025751073e-02 1.9742489270386e-03 3.2618025751073e-03 7.1587982832618e-02 5.8369098712446e-03 2.8326180257511e-03 2.0515021459227e-02 2.1656652360515e-01 
11 1.5933014354067e-01 1.3779904306220e-02 2.7942583732057e-02 1.9617224880383e-02 4.0191387559809e-03 2.9569377990431e-02 1.2822966507177e-01 3.0861244019139e-01 2.7751196172249e-03 4.5933014354067e-03 1.8181818181818e-03 4.7846889952153e-03 2.1148325358852e-02 4.3062200956938e-03 2.1148325358852e-02 1.8181818181818e-03 5.9330143540670e-03 9.8564593301435e-03 1.2918660287081e-02 5.7416267942584e-03 1.8191387559809e-01 3.5406698564593e-03 1.7511961722488e-02 4.7846889952153e-03 4.3062200956938e-03 
12 3.3492822966507e-03 4.2105263157895e-03 2.5071770334928e-02 2.4880382775120e-03 3.8277511961723e-03 1.0143540669856e-02 8.5167464114833e-03 1.8956937799043e-01 3.3588516746412e-02 1.0334928229665e-02 8.9186602870813e-02 3.9521531100478e-02 9.7607655502392e-03 7.3684210526316e-03 2.0516746411483e-01 6.0287081339713e-03 7.6555023923445e-02 4.5933014354067e-02 5.7416267942584e-03 7.7511961722488e-03 6.8899521531100e-02 1.9138755980861e-02 6.6315789473684e-02 5.6172248803828e-02 5.3588516746412e-03 
13 6.4864864864865e-03 1.5675675675676e-02 6.0180180180180e-02 4.3243243243243e-03 2.5225225225225e-03 3.0630630630631e-03 2.5405405405405e-02 3.2000000000000e-01 2.7027027027027e-03 4.1441441441441e-03 4.3243243243243e-03 3.4234234234234e-03 2.5225225225225e-03 7.6756756756757e-02 3.9639639639640e-03 2.8828828828829e-03 1.4954954954955e-02 3.0630630630631e-03 1.7117117117117e-02 6.1261261261261e-03 2.1513513513514e-01 1.8360360360360e-01 1.4054054054054e-02 4.3243243243243e-03 3.2432432432432e-03 
14 3.9461883408072e-02 1.9192825112108e-02 2.3318385650224e-02 6.3318385650224e-02 5.3811659192825e-03 1.7130044843049e-02 4.0896860986547e-02 2.1569506726457e-01 1.9793721973094e-01 1.0582959641256e-02 5.4708520179372e-03 2.7085201793722e-02 1.3273542600897e-02 8.4304932735426e-03 2.7802690582960e-03 4.4215246636771e-02 8.0358744394619e-02 1.3273542600897e-02 4.5739910313901e-03 5.2825112107623e-02 1.0493273542601e-02 3.8744394618834e-02 5.5515695067265e-02 8.3408071748879e-03 1.7040358744395e-03 
15 2.6262626262626e-03 2.6262626262626e-03 2.2222222222222e-03 1.1131313131313e-01 5.6565656565657e-03 6.7414141414141e-01 8.0808080808081e-03 3.0303030303030e-03 2.5050505050505e-02 3.6363636363636e-03 1.4747474747475e-02 8.4848484848485e-03 4.6464646464646e-03 2.0202020202020e-03 2.2222222222222e-03 2.8282828282828e-03 2.4242424242424e-03 6.0606060606061e-03 9.8989898989899e-03 6.2626262626263e-03 2.5656565656566e-02 7.6767676767677e-03 1.4747474747475e-02 3.2323232323232e-03 5.0707070707071e-02 
16 6.0732984293194e-03 5.3403141361257e-03 4.8167539267016e-03 2.0942408376963e-03 3.2460732984293e-03 2.4083769633508e-03 5.5706806282723e-02 4.2303664921466e-01 2.4188481675393e-02 1.1162303664921e-01 6.2408376963351e-02 5.0261780104712e-03 8.2722513089005e-03 1.4659685863874e-03 2.3036649214660e-03 7.1204188481675e-03 2.2827225130890e-02 2.4083769633508e-03 4.3979057591623e-03 2.3664921465969e-02 8.6073298429319e-02 1.1026178010471e-01 2.7225130890052e-03 4.1884816753927e-03 1.8324607329843e-02 
17 3.6559139784946e-03 2.1505376344086e-03 2.9677419354839e-02 1.4838709677419e-01 3.4408602150538e-03 8.1720430107527e-03 3.8709677419355e-03 1.2666666666667e-01 3.0107526881720e-03 3.1397849462366e-02 2.5806451612903e-03 2.5806451612903e-03 3.5763440860215e-01 6.8817204301075e-03 2.7956989247312e-03 3.4408602150538e-03 5.5913978494624e-03 4.9462365591398e-03 7.0107526881720e-02 7.3118279569892e-03 1.0795698924731e-01 2.7741935483871e-02 3.3548387096774e-02 4.3010752688172e-03 2.1505376344086e-03 
18 7.2863436123348e-02 7.0220264317181e-02 6.7753303964758e-02 8.5462555066079e-03 7.3127753303965e-03 8.4845814977974e-02 1.8502202643172e-02 3.3753303964758e-01 1.4625550660793e-02 7.4008810572687e-03 3.7004405286344e-03 2.7312775330396e-03 1.3215859030837e-02 4.9339207048458e-03 2.3788546255507e-03 2.3612334801762e-02 2.8193832599119e-03 3.2599118942731e-03 9.0748898678414e-03 1.4977973568282e-02 4.7312775330396e-02 9.9030837004405e-02 6.9691629955947e-02 1.1101321585903e-02 2.5550660792951e-03 
19 8.0239520958084e-03 1.7964071856287e-03 1.2191616766467e-01 2.7544910179641e-03 3.0431137724551e-01 1.2047904191617e-01 5.7485029940120e-03 2.8143712574850e-02 6.3832335329341e-02 1.5688622754491e-02 1.9760479041916e-02 2.0359281437126e-03 1.8407185628743e-01 5.5089820359281e-03 2.1556886227545e-03 5.1497005988024e-03 3.9640718562874e-02 4.3113772455090e-03 6.8263473053892e-03 1.4970059880240e-02 4.5508982035928e-03 3.7125748502994e-03 2.2754491017964e-03 3.0059880239521e-02 2.2754491017964e-03 
20 2.8019323671498e-03 4.3961352657005e-02 5.3623188405797e-02 6.8985507246377e-02 2.1739130434783e-02 8.7922705314010e-03 4.3478260869565e-03 9.7584541062802e-02 1.0463768115942e-01 6.7729468599034e-02 1.4299516908213e-02 3.1884057971015e-03 1.3140096618357e-02 8.7342995169082e-02 6.4734299516908e-03 8.7246376811594e-02 4.0579710144928e-03 6.4154589371981e-02 5.1207729468599e-03 2.5700483091787e-02 4.0579710144928e-03 1.5816425120773e-01 1.6231884057971e-02 7.7294685990338e-03 2.8888888888889e-02 
21 1.1452991452991e-02 1.0940170940171e-02 1.0085470085470e-02 1.7094017094017e-03 3.3042735042735e-01 3.2478632478633e-03 5.4700854700855e-03 3.1452991452991e-02 9.5726495726496e-03 1.0940170940171e-02 2.7521367521368e-02 8.2051282051282e-03 6.2222222222222e-02 2.5811965811966e-02 7.7777777777778e-02 3.1452991452991e-02 1.0273504273504e-01 8.5470085470085e-03 5.4700854700855e-03 5.5726495726496e-02 7.1282051282051e-02 3.0769230769231e-03 5.9487179487180e-02 3.1965811965812e-02 3.4188034188034e-03 
22 3.0379746835443e-03 7.0886075949367e-03 1.1898734177215e-02 1.1898734177215e-02 3.7974683544304e-03 5.0632911392405e-03 9.8734177215190e-03 3.0810126582279e-01 2.2025316455696e-02 1.7215189873418e-02 9.8734177215190e-03 5.0632911392405e-03 3.5443037974684e-03 3.5949367088608e-01 9.6202531645569e-03 3.7974683544304e-03 6.5822784810127e-03 3.2911392405063e-03 9.5696202531646e-02 1.4936708860759e-02 5.1392405063291e-02 3.2911392405063e-03 3.0379746835443e-03 2.5569620253165e-02 4.8101265822785e-03 
23 6.9714285714286e-03 1.1142857142857e-01 2.5142857142857e-03 2.2514285714286e-02 8.3428571428571e-03 1.7874285714286e-01 2.1714285714286e-03 1.0480000000000e-01 1.0948571428571e-01 1.0285714285714e-02 7.3142857142857e-03 2.9600000000000e-02 2.6285714285714e-03 8.6514285714286e-02 6.5142857142857e-03 2.0765714285714e-01 4.4571428571429e-03 3.8171428571429e-02 2.1714285714286e-03 4.0114285714286e-02 1.6000000000000e-03 4.1142857142857e-03 2.1714285714286e-03 7.3142857142857e-03 2.4000000000000e-03 
24 4.1511111111111e-02 2.6933333333333e-02 7.7333333333333e-03 2.6488888888889e-02 7.2888888888889e-03 3.5466666666667e-02 3.9733333333333e-02 1.1617777777778e-01 1.6000000000000e-03 8.6222222222222e-03 1.7368888888889e-01 7.5555555555556e-03 7.1822222222222e-02 1.0666666666667e-03 4.6755555555556e-02 1.1022222222222e-02 2.5777777777778e-03 9.9200000000000e-02 6.4888888888889e-03 3.8933333333333e-02 2.3200000000000e-02 3.1111111111111e-03 4.2666666666667e-02 7.8133333333333e-02 8.2222222222222e-02 
25 1.0958904109589e-02 8.4931506849315e-03 6.0273972602740e-03 1.0739726027397e-01 1.7808219178082e-02 2.2465753424658e-02 3.2876712328767e-03 1.7863013698630e-01 3.0958904109589e-01 3.7808219178082e-02 3.5616438356164e-03 6.0273972602740e-03 5.7534246575343e-03 8.8767123287671e-02 3.8356164383562e-03 5.3698630136986e-02 4.1095890410959e-03 5.7534246575343e-03 5.1506849315069e-02 1.0410958904110e-02 3.2876712328767e-02 4.9315068493151e-03 7.9452054794521e-03 1.3972602739726e-02 4.3835616438356e-03 
26 1.9813953488372e-02 6.6046511627907e-03 3.0511627906977e-02 5.0232558139535e-03 1.3386046511628e-01 1.7209302325581e-02 2.6046511627907e-03 1.4725581395349e-01 5.7674418604651e-03 5.2093023255814e-03 3.1069767441860e-02 4.4651162790698e-03 4.1023255813953e-02 1.6213953488372e-01 2.1395348837209e-02 7.7209302325581e-03 2.2325581395349e-02 7.6837209302326e-02 6.8837209302326e-03 7.1255813953488e-02 9.1162790697675e-03 5.3023255813953e-03 8.7441860465116e-02 7.7023255813954e-02 2.1395348837209e-03 
27 5.5072463768116e-03 3.7681159420290e-03 4.9275362318841e-03 9.2753623188406e-03 4.0579710144928e-03 6.1478260869565e-01 2.3768115942029e-02 7.6231884057971e-02 4.3478260869565e-03 1.3043478260870e-02 9.5652173913044e-03 3.7681159420290e-03 4.0579710144928e-03 8.1159420289855e-03 3.7681159420290e-03 4.0579710144928e-03 6.0869565217391e-03 3.4782608695652e-03 3.1884057971014e-02 1.1304347826087e-02 3.8260869565217e-02 8.4927536231884e-02 6.9565217391304e-03 2.0289855072464e-02 3.7681159420290e-03 
28 6.9026548672566e-03 3.2743362831858e-02 1.5398230088496e-02 1.9539823008850e-01 3.0088495575221e-03 2.3929203539823e-01 2.0530973451327e-01 1.5929203539823e-02 3.1858407079646e-03 1.0796460176991e-02 8.3185840707965e-03 1.6637168141593e-02 2.4778761061947e-03 3.0088495575221e-03 7.9646017699115e-03 3.8938053097345e-03 1.4513274336283e-02 2.6548672566372e-03 9.9115044247788e-03 2.8141592920354e-02 1.2194690265487e-01 2.3008849557522e-03 1.4336283185841e-02 4.4247787610620e-03 3.1504424778761e-02 
29 1.6260162601626e-02 9.1056910569106e-03 1.2373983739837e-01 8.6178861788618e-03 7.9674796747968e-03 1.4634146341463e-02 9.2682926829268e-03 1.9089430894309e-01 2.7804878048781e-02 4.0650406504065e-03 2.6504065040650e-02 5.3658536585366e-03 7.6422764227642e-03 7.2845528455285e-02 4.8780487804878e-03 1.2682926829268e-02 2.2764227642276e-03 1.3821138211382e-01 7.0731707317073e-02 2.0162601626016e-02 1.3593495934959e-01 5.3658536585366e-02 1.4634146341463e-02 7.3170731707317e-03 1.4796747967480e-02 
30 2.5974025974026e-03 3.3766233766234e-03 1.9298701298701e-01 1.4545454545455e-02 6.4935064935065e-03 1.8805194805195e-01 9.1428571428571e-02 1.6753246753247e-01 3.1168831168831e-03 5.4545454545454e-03 4.6753246753247e-02 7.0129870129870e-03 3.6363636363636e-03 4.6753246753247e-03 5.7142857142857e-03 5.9740259740260e-03 8.8311688311688e-03 5.9740259740260e-03 4.4155844155844e-03 4.4155844155844e-03 9.7402597402597e-02 5.1948051948052e-03 1.4545454545455e-02 6.4155844155844e-02 4.5714285714286e-02 
31 1.8848167539267e-02 8.0942408376963e-02 8.6910994764398e-02 1.7801047120419e-03 3.9790575916230e-03 2.8167539267016e-02 1.3298429319372e-02 1.8900523560209e-01 4.9214659685864e-03 2.5130890052356e-03 6.5654450261780e-02 1.7801047120419e-02 9.6020942408377e-02 1.2879581151832e-02 1.3612565445026e-02 4.2094240837696e-02 1.4345549738220e-02 1.4607329842932e-01 3.9790575916230e-03 7.1204188481675e-03 3.5497382198953e-02 5.9685863874346e-03 9.2146596858639e-02 1.0575916230366e-02 5.8638743455497e-03 
32 3.3862433862434e-03 1.0042328042328e-01 9.1005291005291e-03 2.5185185185185e-02 4.3174603174603e-02 2.0105820105820e-02 2.8253968253968e-02 1.8476190476190e-01 4.5079365079365e-02 2.4338624338624e-03 3.5978835978836e-02 1.7671957671958e-02 7.4074074074074e-03 1.9682539682540e-02 3.2804232804233e-03 1.8941798941799e-02 1.1322751322751e-02 1.9407407407407e-01 2.0105820105820e-02 1.1248677248677e-01 9.2063492063492e-03 3.9365079365079e-02 4.1269841269841e-03 3.8941798941799e-02 5.5026455026455e-03 
33 4.6575342465753e-03 4.6575342465753e-03 8.2739726027397e-02 1.2602739726027e-01 5.2054794520548e-03 9.0410958904110e-03 6.3013698630137e-03 6.5753424657534e-03 4.1095890410959e-02 6.5753424657534e-03 1.2328767123288e-02 1.1232876712329e-02 3.0136986301370e-03 3.6164383561644e-02 6.0273972602740e-03 2.8328767123288e-01 9.8630136986301e-03 1.4904109589041e-01 4.5205479452055e-02 2.3561643835616e-02 2.7397260273973e-03 1.2328767123288e-02 1.5890410958904e-02 9.3150684931507e-02 3.2876712328767e-03 
34 2.2400000000000e-03 8.6240000000000e-02 2.0160000000000e-02 4.8000000000000e-03 1.6000000000000e-03 7.3600000000000e-03 1.2160000000000e-02 1.0432000000000e-01 2.0656000000000e-01 5.1200000000000e-03 1.5952000000000e-01 3.0400000000000e-03 2.3456000000000e-01 1.7600000000000e-03 8.3200000000000e-03 2.8800000000000e-03 5.7600000000000e-03 8.1440000000000e-02 1.7760000000000e-02 5.4400000000000e-03 4.0000000000000e-03 1.3280000000000e-02 6.5600000000000e-03 3.5200000000000e-03 1.6000000000000e-03 
35 3.0391061452514e-02 4.9608938547486e-02 4.8044692737430e-03 9.6089385474860e-03 2.0893854748603e-02 7.4860335195531e-03 4.8044692737430e-03 4.1865921787710e-01 4.6927374301676e-03 7.5642458100559e-02 3.5865921787709e-02 3.7988826815642e-02 5.7430167597765e-02 8.2681564245810e-03 2.7932960893855e-03 6.5921787709497e-03 3.9106145251397e-03 1.2849162011173e-02 6.5921787709497e-03 2.9050279329609e-03 1.1396648044693e-02 1.7139664804469e-01 4.1340782122905e-03 5.4748603351955e-03 5.8100558659218e-03 
36 1.6149732620321e-02 1.8502673796791e-02 5.5614973262032e-03 3.4224598930481e-03 1.4973262032086e-03 2.0000000000000e-02 1.0663101604278e-01 3.3475935828877e-01 9.6256684491979e-03 1.0267379679144e-02 2.5668449197861e-03 7.5187165775401e-02 1.7112299465241e-03 3.4224598930481e-03 3.9358288770053e-02 3.7433155080214e-03 2.0320855614973e-03 3.5294117647059e-03 1.1122994652406e-02 6.0855614973262e-02 2.5422459893048e-01 3.2085561497326e-03 8.2352941176471e-03 1.7112299465241e-03 2.6737967914438e-03 
37 5.1804878048780e-02 3.9024390243902e-03 1.1014634146341e-01 2.1463414634146e-03 1.1609756097561e-02 6.6243902439024e-02 1.5600000000000e-01 2.6409756097561e-01 9.5609756097561e-03 3.7073170731707e-03 6.8292682926829e-03 7.8048780487805e-03 2.7317073170732e-03 6.5365853658537e-03 4.2926829268293e-03 8.5853658536585e-03 2.6341463414634e-03 1.2487804878049e-02 3.0243902439024e-03 9.3756097560975e-02 9.5512195121951e-02 4.4292682926829e-02 2.9268292682927e-03 1.0536585365854e-02 1.8829268292683e-02 
38 2.8865979381443e-03 4.1237113402062e-03 1.2185567010309e-01 9.1958762886598e-02 4.7422680412371e-03 1.2164948453608e-02 1.9360824742268e-01 2.2886597938144e-02 1.9587628865979e-02 2.4742268041237e-02 6.5979381443299e-02 1.7731958762887e-02 4.1237113402062e-03 1.2989690721649e-02 3.5051546391753e-03 2.6185567010309e-02 8.2886597938144e-02 3.8762886597938e-02 2.6391752577320e-02 3.1958762886598e-02 1.4804123711340e-01 7.4226804123711e-03 7.0103092783505e-03 2.0618556701031e-02 7.8350515463917e-03 
39 2.9189189189189e-03 3.6756756756757e-03 3.3513513513514e-03 4.6486486486486e-03 2.3783783783784e-02 1.3081081081081e-02 2.9621621621622e-02 4.0129729729730e-01 8.8648648648649e-03 3.2432432432432e-03 3.2432432432432e-03 9.9459459459459e-03 3.0162162162162e-02 8.8756756756757e-02 9.2972972972973e-03 1.8378378378378e-03 7.0270270270270e-03 1.3513513513514e-01 2.0540540540541e-03 2.9189189189189e-03 4.4756756756757e-02 4.8540540540540e-02 2.9189189189189e-03 4.8648648648649e-03 1.1405405405405e-01 
40 3.1906614785992e-02 4.0622568093385e-02 5.1361867704280e-03 7.0038910505837e-03 5.1361867704280e-03 4.4357976653696e-03 2.0233463035019e-02 2.5042801556420e-01 1.7330739299611e-01 7.6264591439689e-03 6.3035019455253e-03 1.6342412451362e-03 3.9377431906615e-02 1.7136186770428e-01 1.2451361867704e-03 6.3035019455253e-02 5.5252918287938e-03 3.5019455252918e-03 3.5797665369650e-03 5.6653696498054e-02 1.5408560311284e-02 4.5136186770428e-03 9.6498054474708e-03 5.8132295719844e-02 1.4241245136187e-02 
41 5.4625550660793e-03 2.4757709251101e-02 2.4933920704846e-02 3.7004405286344e-03 3.2599118942731e-02 4.1585903083700e-02 4.1145374449339e-02 4.3621145374449e-01 7.4889867841410e-03 1.1048458149780e-01 2.3524229074890e-02 3.4361233480176e-03 6.5638766519824e-02 4.8458149779736e-03 1.9207048458150e-02 4.4933920704846e-03 1.6299559471366e-02 8.8105726872247e-03 1.7797356828194e-02 5.1101321585903e-03 2.7400881057269e-02 3.9471365638766e-02 2.1321585903084e-02 2.2907488986784e-03 1.1982378854626e-02 
42 2.3389830508475e-02 3.3898305084746e-03 9.4915254237288e-03 1.7288135593220e-02 9.8305084745763e-03 1.5254237288136e-02 4.0677966101695e-03 6.7152542372881e-01 6.7796610169492e-03 1.1864406779661e-02 1.5593220338983e-02 2.0677966101695e-02 5.4237288135593e-03 5.4237288135593e-03 2.3389830508475e-02 3.7288135593220e-03 4.4067796610169e-03 4.7457627118644e-03 6.7796610169492e-03 6.7796610169492e-03 1.0474576271186e-01 6.4406779661017e-03 3.7288135593220e-03 9.4915254237289e-03 5.7627118644068e-03 
43 4.3601895734597e-03 4.5876777251185e-02 3.5071090047393e-03 4.7582938388626e-02 4.7393364928910e-03 1.8767772511848e-02 1.1943127962085e-02 2.2047393364929e-01 1.6492890995261e-02 5.7156398104265e-02 3.9241706161138e-02 1.1658767772512e-02 8.8436018957346e-02 9.8104265402844e-02 6.9194312796209e-03 1.3838862559242e-02 5.0047393364929e-02 3.6018957345972e-03 5.1658767772512e-02 6.1137440758294e-02 3.7914691943128e-03 1.3175355450237e-02 5.2606635071090e-02 7.0805687203792e-02 4.0758293838863e-03 
44 2.9357798165138e-03 2.0183486238532e-03 1.6532110091743e-01 6.4220183486238e-03 4.5871559633027e-03 1.4403669724771e-01 4.8073394495413e-02 2.4733944954128e-01 4.4036697247706e-03 4.5871559633027e-03 3.4862385321101e-03 4.4036697247706e-03 2.7522935779816e-03 3.3027522935780e-03 4.1467889908257e-02 3.6697247706422e-03 1.1376146788991e-02 2.0183486238532e-03 7.0275229357798e-02 2.1284403669725e-02 4.5871559633027e-03 3.1192660550459e-03 8.2568807339450e-03 1.6293577981651e-01 2.7339449541284e-02 
45 3.1840796019901e-03 1.2537313432836e-02 2.7860696517413e-02 3.3830845771144e-03 1.6915422885572e-03 6.2786069651741e-02 5.7711442786070e-03 3.2059701492537e-01 6.5671641791045e-03 1.7313432835821e-02 7.3731343283582e-02 8.9552238805970e-03 2.3383084577114e-02 4.0497512437811e-02 1.0746268656716e-01 4.3781094527363e-03 2.3283582089552e-02 1.6517412935323e-02 9.0547263681592e-03 2.0895522388060e-03 6.9751243781095e-02 1.4726368159204e-02 2.8855721393035e-03 5.4925373134328e-02 8.6666666666667e-02 
46 1.4860335195531e-01 5.5642458100559e-02 9.2737430167598e-03 6.0335195530726e-03 5.8100558659218e-03 1.9217877094972e-02 5.4189944134078e-02 2.0726256983240e-01 3.7988826815642e-03 8.6033519553073e-03 1.2960893854749e-02 1.3854748603352e-02 7.9888268156425e-02 4.0223463687151e-03 4.9720670391061e-02 3.7988826815643e-03 1.6312849162011e-02 2.0111731843575e-03 4.8044692737430e-03 5.5530726256983e-02 5.0279329608939e-03 1.5195530726257e-02 1.6100558659218e-01 4.8715083798883e-02 8.7150837988827e-03 
47 6.5700483091788e-03 2.4251207729469e-02 5.3429951690821e-02 2.5893719806763e-02 3.3816425120773e-03 5.5072463768116e-03 5.0241545893720e-03 1.9478260869565e-01 3.4589371980676e-02 7.4589371980676e-02 1.1400966183575e-02 1.1111111111111e-02 2.5410628019324e-02 1.9661835748792e-01 1.4782608695652e-02 9.4685990338164e-03 1.2077294685990e-01 1.9033816425121e-02 4.1545893719807e-03 1.1884057971015e-02 7.9903381642512e-02 5.3526570048309e-02 5.2173913043478e-03 6.6666666666667e-03 2.0289855072464e-03 
48 2.5037974683544e-01 3.1392405063291e-02 4.5569620253165e-03 6.4810126582278e-02 4.2784810126582e-02 1.8683544303797e-01 6.3291139240506e-03 2.5569620253165e-02 6.0759493670886e-03 2.1265822784810e-02 1.1645569620253e-02 7.8481012658228e-03 2.5316455696203e-03 1.3924050632911e-02 3.9240506329114e-02 3.7974683544304e-03 1.1898734177215e-02 1.0126582278481e-02 6.8354430379747e-02 7.0886075949367e-03 2.8101265822785e-02 4.3037974683544e-03 1.4202531645570e-01 3.0379746835443e-03 6.0759493670886e-03 
49 8.6486486486486e-03 3.0630630630631e-03 1.2612612612613e-02 2.8828828828829e-03 7.7477477477478e-03 1.9819819819820e-02 1.3873873873874e-02 2.5729729729730e-01 2.0720720720721e-02 1.0810810810811e-02 4.5045045045045e-03 3.4234234234234e-03 3.4234234234234e-03 4.1405405405405e-01 7.0990990990991e-02 3.7837837837838e-03 8.6486486486486e-03 4.1441441441441e-03 4.3243243243243e-03 2.6486486486487e-02 3.9639639639640e-03 3.7837837837838e-03 3.7657657657658e-02 3.6036036036036e-03 4.9729729729730e-02 
50 6.7889908256881e-03 5.9082568807339e-02 1.1412844036697e-01 1.0458715596330e-02 5.6880733944954e-03 9.9082568807339e-03 3.1192660550459e-03 2.3211009174312e-01 1.4697247706422e-01 3.1192660550459e-03 1.2293577981651e-02 2.9357798165138e-03 3.9449541284404e-02 2.9357798165138e-03 1.1926605504587e-02 3.7614678899083e-02 2.8440366972477e-02 2.3853211009174e-03 1.7009174311927e-01 1.5963302752294e-02 6.4220183486238e-03 1.2660550458716e-02 5.1926605504587e-02 1.1376146788991e-02 2.2018348623853e-03 
51 3.3600000000000e-02 1.3120000000000e-02 4.1600000000000e-03 2.8304000000000e-01 2.2080000000000e-02 3.0480000000000e-01 6.9760000000000e-02 2.3840000000000e-02 9.1200000000000e-03 2.2880000000000e-02 4.6880000000000e-02 1.2000000000000e-02 4.9600000000000e-03 2.7200000000000e-03 2.1760000000000e-02 4.3200000000000e-03 2.7200000000000e-03 4.0000000000000e-03 4.8000000000000e-03 3.0400000000000e-03 3.3280000000000e-02 4.1600000000000e-03 5.7440000000000e-02 5.9200000000000e-03 5.6000000000000e-03 
52 1.5025906735751e-02 9.6373056994819e-03 2.0932642487047e-02 2.3834196891192e-03 9.3264248704663e-03 2.6943005181347e-03 9.6373056994819e-03 3.3896373056995e-01 7.1502590673575e-03 5.2227979274611e-02 6.7668393782383e-02 1.1917098445596e-02 9.9274611398964e-02 3.7305699481865e-03 8.8808290155440e-02 1.8756476683938e-02 2.0725388601036e-02 4.1865284974093e-02 6.6010362694301e-02 5.6787564766839e-02 5.4922279792746e-03 9.5336787564767e-03 1.6787564766839e-02 2.1347150259067e-02 3.3160621761658e-03 
53 1.6267942583732e-03 4.3062200956938e-03 4.8803827751196e-03 1.0143540669856e-02 1.4928229665072e-02 2.4880382775120e-03 5.2822966507177e-02 3.3282296650718e-01 1.0813397129187e-02 9.1674641148325e-02 5.2631578947368e-03 5.0047846889952e-02 1.2631578947368e-02 4.7846889952153e-03 5.6459330143541e-03 2.3923444976077e-03 2.2009569377990e-03 5.0430622009569e-02 5.0717703349282e-03 1.1167464114833e-01 1.1473684210526e-01 1.6267942583732e-02 1.9138755980861e-03 7.3684210526316e-03 8.3062200956938e-02 
54 1.3004830917874e-01 5.2946859903382e-02 5.1207729468599e-02 2.3188405797101e-03 2.4154589371981e-03 4.1352657004831e-02 5.8937198067633e-03 2.3285024154589e-01 1.7671497584541e-01 3.2850241545894e-03 4.6376811594203e-03 4.5410628019324e-03 1.3043478260870e-02 2.8502415458937e-02 5.5072463768116e-03 3.5748792270531e-03 5.5072463768116e-03 7.5362318840580e-03 4.9758454106280e-02 2.6280193236715e-02 9.4202898550725e-02 5.7971014492754e-03 2.9661835748792e-02 1.8357487922705e-02 4.0579710144928e-03 
55 3.6277056277056e-02 6.0606060606060e-03 2.3290043290043e-02 1.9913419913420e-03 6.5800865800866e-03 6.8398268398268e-03 6.8658008658009e-02 2.3497835497835e-01 1.8787878787879e-02 4.4155844155844e-03 6.8311688311688e-02 1.1948051948052e-02 1.1168831168831e-02 2.1125541125541e-02 1.2987012987013e-03 3.0303030303030e-03 2.1818181818182e-02 2.9437229437229e-03 3.0303030303030e-03 7.3419913419913e-02 2.4961038961039e-01 5.9740259740260e-03 1.1255411255411e-03 8.3116883116883e-03 1.0900432900433e-01 
56 4.9315068493151e-03 4.6575342465754e-03 5.3972602739726e-02 1.3260273972603e-01 1.1506849315068e-02 4.3835616438356e-03 6.5753424657534e-03 2.9643835616438e-01 6.0273972602740e-03 2.4931506849315e-02 7.0958904109589e-02 1.6712328767123e-02 5.0684931506849e-02 6.8493150684932e-03 9.0410958904110e-03 6.0273972602740e-03 3.9452054794521e-02 3.8630136986301e-02 2.6301369863014e-02 5.4794520547945e-03 1.5534246575342e-01 3.2876712328767e-03 5.2054794520548e-03 1.1232876712329e-02 8.7671232876712e-03 
57 1.4488888888889e-02 8.6222222222222e-03 8.1955555555556e-02 3.0222222222222e-03 1.6355555555556e-02 5.2177777777778e-02 7.0844444444444e-02 2.4746666666667e-01 4.0000000000000e-03 1.5893333333333e-01 6.5333333333333e-02 4.9777777777778e-03 2.6133333333333e-02 5.2444444444444e-03 2.6666666666667e-03 9.2444444444444e-03 4.1777777777778e-03 1.6000000000000e-02 7.2000000000000e-03 1.2622222222222e-02 4.4977777777778e-02 4.2933333333333e-02 1.7688888888889e-02 4.5333333333333e-02 3.7600000000000e-02 
58 2.0676328502415e-02 2.8019323671498e-03 1.5381642512077e-01 2.0289855072464e-03 7.7294685990338e-03 2.0966183574879e-02 4.8309178743961e-02 7.6908212560387e-02 2.4154589371981e-03 1.8357487922705e-03 1.0183574879227e-01 1.4009661835749e-02 2.0193236714976e-02 1.8357487922705e-03 1.8425120772947e-01 4.7342995169082e-03 4.4637681159420e-02 7.4396135265701e-03 7.2463768115942e-03 1.0724637681159e-01 1.7874396135266e-02 7.6328502415459e-03 2.6763285024155e-02 1.1342995169082e-01 3.3816425120773e-03 
59 2.0000000000000e-02 1.4074074074074e-02 3.8518518518519e-02 1.9259259259259e-02 4.0000000000000e-02 4.5185185185185e-02 2.3703703703704e-02 2.2962962962963e-02 1.4074074074074e-02 1.9259259259259e-02 2.2222222222222e-02 1.6296296296296e-02 9.1851851851852e-02 1.9259259259259e-02 9.6296296296296e-03 8.8888888888889e-03 2.3703703703704e-02 6.5185185185185e-02 3.4296296296296e-01 5.9259259259259e-02 9.6296296296296e-03 3.3333333333333e-02 1.8518518518519e-02 1.3333333333333e-02 8.8888888888889e-03 
60 4.0000000000000e-02 2.2857142857143e-02 4.0000000000000e-02 2.7619047619048e-02 2.3809523809524e-02 2.6380952380952e-01 1.6190476190476e-02 4.0000000000000e-02 5.9047619047619e-02 1.2380952380952e-02 1.7809523809524e-01 1.7142857142857e-02 9.5238095238095e-03 3.4285714285714e-02 9.5238095238095e-03 2.0952380952381e-02 9.5238095238095e-03 1.0476190476190e-02 2.6666666666667e-02 1.7142857142857e-02 1.3333333333333e-02 2.8571428571429e-02 1.0476190476190e-02 5.9047619047619e-02 9.5238095238095e-03 
61 2.6341463414634e-03 2.9073170731707e-02 4.9756097560976e-02 3.3170731707317e-03 2.4390243902439e-03 5.9512195121951e-03 1.2780487804878e-01 2.2741463414634e-01 2.2829268292683e-02 3.3658536585366e-02 9.6585365853659e-03 1.0634146341463e-02 3.6878048780488e-02 2.0975609756098e-02 2.5658536585366e-02 2.5756097560976e-02 1.4926829268293e-02 7.4146341463415e-03 1.6195121951220e-02 6.4682926829268e-02 2.6439024390244e-02 1.6965853658537e-01 1.4731707317073e-02 4.3219512195122e-02 8.2926829268293e-03 
62 3.4636871508380e-03 3.4860335195531e-02 1.4759776536313e-01 1.8994413407821e-03 4.7821229050279e-02 7.2625698324022e-03 9.8659217877095e-02 2.3743016759777e-01 6.8156424581006e-03 1.6759776536313e-03 1.1955307262570e-02 3.4636871508380e-03 7.4860335195531e-03 3.2402234636872e-03 6.5921787709497e-03 9.7206703910614e-03 7.8212290502793e-03 2.9050279329609e-03 3.7988826815643e-03 6.3575418994413e-02 2.0536312849162e-01 3.7988826815643e-03 1.4189944134078e-02 5.3631284916201e-03 6.3240223463687e-02 
63 1.3779904306220e-02 1.5215311004785e-02 1.4258373205742e-02 6.3157894736842e-03 1.8947368421053e-02 7.7511961722488e-03 4.4976076555024e-03 2.0430622009569e-01 1.3090909090909e-01 1.0526315789474e-02 5.1674641148325e-03 9.0909090909091e-03 1.2440191387560e-02 9.0047846889952e-02 6.0669856459330e-02 2.3540669856459e-02 1.8947368421053e-02 6.5071770334928e-03 6.9090909090909e-02 1.6363636363636e-02 2.9090909090909e-02 1.0593301435407e-01 8.2296650717703e-03 6.2105263157895e-02 5.6267942583732e-02 
64 3.6444444444444e-03 3.2888888888889e-03 2.4888888888889e-02 2.0444444444444e-03 4.8888888888889e-03 4.6933333333333e-02 1.3333333333333e-03 3.3440000000000e-01 4.8177777777778e-02 6.1333333333333e-03 5.9466666666667e-02 1.0577777777778e-02 2.8444444444444e-02 3.4666666666667e-03 9.5111111111111e-03 7.3777777777778e-03 8.8000000000000e-03 6.2222222222222e-03 2.4800000000000e-02 1.0933333333333e-02 1.3973333333333e-01 1.9644444444444e-02 2.0533333333333e-02 6.5777777777778e-03 1.6817777777778e-01 
65 3.5294117647059e-03 1.2287581699346e-02 3.5424836601307e-02 1.4901960784314e-02 1.1895424836601e-02 7.0718954248366e-02 4.0522875816993e-02 3.2627450980392e-01 7.5163398692810e-02 2.4836601307190e-03 1.4771241830065e-02 2.8758169934641e-03 1.7124183006536e-02 1.3333333333333e-02 3.0326797385621e-02 2.2222222222222e-02 7.8431372549020e-03 9.5424836601307e-03 9.4117647058824e-03 2.7581699346405e-02 5.7516339869281e-03 2.1790849673203e-01 1.1895424836601e-02 1.0326797385621e-02 5.8823529411765e-03 
66 3.7762237762238e-03 1.8741258741259e-02 4.6153846153846e-03 3.5440559440559e-01 3.4685314685315e-02 2.4195804195804e-02 1.5384615384615e-03 1.5986013986014e-01 7.5524475524476e-03 2.2377622377622e-03 1.5944055944056e-02 1.0349650349650e-02 3.6363636363636e-03 4.4755244755245e-03 5.2027972027972e-02 2.0000000000000e-02 4.7552447552448e-03 1.2307692307692e-02 1.3874125874126e-01 5.1748251748252e-03 4.1958041958042e-03 3.7762237762238e-03 9.2307692307692e-03 1.0195804195804e-01 1.8181818181818e-03 
67 3.9817351598174e-02 1.6803652968037e-02 3.1689497716895e-02 4.0182648401826e-03 1.0593607305936e-02 7.7625570776256e-03 2.5570776255708e-03 2.3543378995434e-01 3.0867579908676e-02 9.4977168949772e-03 9.5159817351598e-02 1.0684931506849e-02 6.0639269406393e-02 2.2831050228311e-03 4.5479452054795e-02 1.9178082191781e-02 7.3698630136986e-02 2.4840182648402e-02 4.6940639269406e-02 7.2876712328767e-02 1.6803652968037e-02 4.3287671232877e-02 1.2054794520548e-02 3.4703196347032e-02 5.2328767123288e-02 
68 5.0526315789474e-03 1.3726315789474e-01 6.1052631578948e-03 6.5263157894737e-03 5.6842105263158e-03 1.6905263157895e-01 1.6210526315789e-02 5.0526315789474e-02 1.1684210526316e-01 1.8105263157895e-02 9.6842105263158e-03 5.8947368421053e-03 2.3157894736842e-03 3.1578947368421e-03 3.3684210526316e-03 5.2421052631579e-02 5.3263157894737e-02 2.5494736842105e-01 2.7789473684211e-02 4.0000000000000e-03 4.6315789473684e-03 1.2842105263158e-02 3.1578947368421e-03 2.5263157894737e-02 5.8947368421053e-03 
69 5.5855855855856e-03 2.5225225225225e-03 2.2702702702703e-02 2.5225225225225e-03 2.1621621621622e-03 4.2900900900901e-01 1.9459459459459e-02 1.3135135135135e-01 2.1621621621622e-03 5.2252252252252e-03 1.6216216216216e-02 1.7837837837838e-02 1.9819819819820e-03 2.8828828828829e-03 4.6846846846847e-03 2.8828828828829e-03 3.0630630630631e-03 2.5225225225225e-03 5.5855855855856e-03 2.7027027027027e-03 1.0342342342342e-01 1.6414414414414e-01 1.7657657657658e-02 5.2252252252252e-03 2.6486486486487e-02 
70 6.1878453038674e-03 4.7292817679558e-02 4.3756906077348e-02 6.9613259668508e-03 1.9889502762431e-03 1.1270718232044e-02 1.6574585635359e-02 2.6342541436464e-01 9.9337016574586e-02 6.9613259668508e-03 9.1712707182320e-03 6.6298342541436e-03 3.8563535911602e-02 8.0110497237569e-02 1.8784530386740e-02 3.5359116022099e-03 4.9834254143646e-02 4.9723756906077e-03 3.0828729281768e-02 7.5248618784530e-02 3.0055248618785e-02 1.7679558011050e-02 7.6685082872928e-02 3.3701657458564e-02 2.0441988950276e-02 
71 2.8000000000000e-02 2.2439024390244e-03 3.1707317073171e-02 3.3170731707317e-03 3.6097560975610e-03 3.2195121951219e-03 5.2780487804878e-02 3.7980487804878e-01 1.7560975609756e-03 1.1648780487805e-01 3.1121951219512e-02 4.8975609756097e-02 5.2682926829268e-03 2.0487804878049e-03 1.0156097560976e-01 8.9756097560976e-03 1.4926829268293e-02 6.3414634146341e-03 2.3414634146341e-03 4.5853658536585e-03 1.1453658536585e-01 5.4634146341463e-03 1.3463414634146e-02 7.6097560975610e-03 9.8536585365854e-03 
72 2.5550660792952e-03 8.1057268722467e-03 1.8149779735683e-02 4.4933920704846e-02 6.9162995594714e-02 2.3788546255507e-03 6.2555066079295e-03 1.9744493392070e-01 1.0237885462555e-01 1.7621145374449e-03 1.0387665198238e-01 4.8458149779736e-03 3.2863436123348e-02 7.3127753303965e-03 8.5462555066079e-03 2.2907488986784e-03 4.0352422907489e-02 1.1066079295154e-01 1.5242290748899e-02 5.0220264317181e-03 1.0660792951542e-02 1.2149779735683e-01 2.8546255506608e-02 4.9074889867841e-02 6.0792951541850e-03 
73 5.0632911392405e-03 4.3037974683544e-03 2.1367088607595e-01 5.3164556962025e-03 4.0506329113924e-03 1.0886075949367e-02 1.6962025316456e-02 1.4405063291139e-01 3.7974683544304e-03 4.3797468354430e-02 1.8734177215190e-02 1.1645569620253e-02 3.2911392405063e-03 3.5443037974684e-02 2.7848101265823e-03 7.5949367088608e-03 6.8354430379747e-03 3.5443037974684e-03 2.7848101265823e-01 3.7468354430380e-02 8.6075949367088e-03 1.0126582278481e-02 9.1898734177215e-02 2.6835443037975e-02 4.8101265822785e-03 
74 5.3594771241830e-03 2.7450980392157e-03 1.6339869281046e-02 3.7908496732026e-03 1.4379084967320e-03 1.0849673202614e-02 3.1372549019608e-03 3.8457516339869e-01 2.0915032679739e-03 1.4379084967320e-03 1.3071895424837e-03 2.0915032679739e-03 1.2653594771242e-01 1.6993464052288e-02 2.7450980392157e-03 2.0915032679739e-03 2.6143790849673e-03 1.9607843137255e-03 3.2941176470588e-02 1.2065359477124e-01 7.8562091503268e-02 1.6078431372549e-01 2.2222222222222e-03 2.7450980392157e-03 1.3986928104575e-02 
75 3.4586466165413e-03 1.1278195488722e-02 4.5112781954887e-03 6.4661654135338e-03 2.4060150375940e-03 9.3233082706767e-02 2.7067669172932e-02 1.5338345864662e-02 2.4631578947368e-01 7.0676691729323e-03 6.1203007518797e-02 2.1052631578947e-03 9.4736842105263e-03 1.7894736842105e-02 2.8571428571429e-03 1.0616541353383e-01 9.0225563909775e-03 1.9097744360902e-02 3.0075187969925e-03 5.7293233082707e-02 2.0150375939850e-02 1.7503759398496e-01 7.8195488721805e-03 7.4586466165414e-02 1.7142857142857e-02 
76 3.4437086092715e-03 9.3377483443709e-02 3.3112582781457e-03 2.9139072847682e-03 2.3403973509934e-01 5.1655629139073e-03 1.0331125827815e-02 1.2543046357616e-01 1.0807947019868e-01 5.4304635761589e-03 2.5165562913907e-03 2.5165562913907e-03 2.5033112582781e-02 8.7417218543046e-03 6.0927152317881e-03 2.4238410596027e-02 1.4132450331126e-01 2.5165562913907e-03 4.9006622516556e-02 8.3443708609271e-03 3.4437086092715e-03 4.7417218543046e-02 2.1192052980132e-03 1.6688741721854e-02 6.8476821192053e-02 
77 7.6923076923077e-03 9.2307692307692e-03 9.7230769230769e-02 3.3846153846154e-03 5.2307692307692e-03 1.6000000000000e-02 3.4646153846154e-01 1.0461538461538e-02 8.3076923076923e-03 1.2307692307692e-02 3.9076923076923e-02 1.1076923076923e-02 7.3846153846154e-03 7.3846153846154e-03 4.9230769230769e-03 3.6923076923077e-03 8.0000000000000e-03 1.8769230769231e-02 4.6153846153846e-03 1.3969230769231e-01 1.9384615384615e-02 5.6307692307692e-02 7.3846153846154e-03 1.3846153846154e-02 1.4215384615385e-01 
78 5.8947368421053e-02 7.7511961722488e-03 1.4066985645933e-02 3.9234449760766e-03 2.1818181818182e-02 4.2009569377990e-02 1.4669856459330e-01 2.6162679425837e-01 1.4641148325359e-02 2.1444976076555e-01 4.1148325358852e-03 1.4545454545455e-02 4.4019138755981e-03 1.5311004784689e-03 7.7894736842105e-02 4.2105263157895e-03 3.4449760765550e-03 5.2631578947368e-03 2.4880382775120e-03 2.0669856459330e-02 2.3923444976077e-03 2.2870813397129e-02 1.6937799043062e-02 1.1961722488038e-02 2.1339712918660e-02 
