0 7.7511961722488e-03 1.4354066985646e-03 1.6267942583732e-03 7.9425837320574e-03 3.6363636363636e-03 9.0526315789474e-02 4.9760765550239e-03 3.9234449760766e-03 7.6555023923445e-03 2.9665071770335e-03 3.6363636363636e-03 6.5550239234450e-02 2.1818181818182e-02 1.7129186602871e-02 1.1387559808612e-02 1.0047846889952e-02 1.6267942583732e-03 1.3492822966507e-02 4.7846889952153e-03 1.3397129186603e-02 8.8038277511962e-03 2.8612440191388e-02 8.2296650717703e-03 2.3540669856459e-02 6.3550239234450e-01 
1 1.4035087719298e-03 1.5204678362573e-03 2.2222222222222e-03 1.4035087719298e-03 1.9883040935672e-03 1.2865497076023e-03 1.6374269005848e-03 1.1695906432749e-03 1.1695906432749e-03 1.4035087719298e-03 1.5204678362573e-03 1.2865497076023e-03 1.9578947368421e-01 1.6374269005848e-03 1.4035087719298e-03 1.4035087719298e-03 2.8070175438597e-03 1.2397660818713e-02 5.5438596491228e-02 1.5204678362573e-03 2.3391812865497e-03 1.5204678362573e-03 1.1695906432749e-03 1.5204678362573e-03 7.0304093567251e-01 
2 3.8095238095238e-03 4.4444444444444e-03 4.7619047619048e-03 4.4444444444444e-03 3.1746031746032e-03 9.5238095238095e-03 3.4920634920635e-03 4.4444444444444e-03 3.1746031746032e-03 4.1269841269841e-03 4.4444444444444e-03 4.7936507936508e-02 5.7142857142857e-03 6.6666666666667e-03 5.3968253968254e-03 4.1269841269841e-03 4.7619047619048e-03 5.3650793650794e-02 1.0222222222222e-01 9.8412698412699e-03 4.1269841269841e-03 6.6666666666667e-03 2.8888888888889e-02 6.0317460317460e-03 6.6412698412698e-01 
3 1.2785388127854e-03 1.4337899543379e-02 4.6575342465754e-03 2.9223744292237e-03 7.3242009132420e-02 1.4337899543379e-02 1.4611872146119e-03 1.8264840182648e-03 1.1598173515982e-02 2.1917808219178e-03 1.8721461187215e-02 1.2785388127854e-03 3.3789954337900e-03 4.5662100456621e-03 1.4611872146119e-03 2.1917808219178e-03 7.3059360730593e-03 3.1050228310502e-03 4.0182648401827e-03 5.4794520547945e-03 3.6529680365297e-03 7.1232876712329e-03 1.3698630136986e-03 1.3698630136986e-03 8.0712328767123e-01 
4 4.4274809160305e-03 1.6793893129771e-03 1.6793893129771e-03 2.1374045801527e-03 1.5267175572519e-03 2.9007633587786e-03 1.4167938931298e-01 1.6793893129771e-03 2.1374045801527e-03 1.5267175572519e-03 1.6793893129771e-03 1.0916030534351e-01 1.9847328244275e-03 1.6793893129771e-03 1.8320610687023e-03 1.9847328244275e-03 3.0534351145038e-03 1.5267175572519e-03 2.7480916030534e-03 1.6793893129771e-03 1.5267175572519e-03 1.5267175572519e-03 2.3358778625954e-02 1.8320610687023e-03 6.8305343511450e-01 
5 1.0526315789474e-03 1.4753036437247e-01 1.7327935222672e-02 1.1821862348178e-02 2.2672064777328e-03 4.0485829959514e-03 9.7165991902834e-04 8.4210526315789e-03 9.3117408906883e-03 1.9433198380567e-03 4.6963562753036e-03 2.8340080971660e-03 6.0161943319838e-02 1.3765182186235e-03 2.7530364372470e-03 2.6720647773279e-03 5.6680161943320e-03 2.3481781376518e-03 8.0161943319838e-03 5.5060728744939e-03 4.0485829959514e-03 8.2591093117409e-03 8.9068825910931e-04 1.3927125506073e-02 6.7214574898785e-01 
6 9.8445595854922e-03 5.8031088082902e-03 3.4196891191710e-03 5.0777202072539e-03 1.1481865284974e-01 1.7616580310881e-03 2.0829015544041e-02 3.1088082901554e-03 8.6010362694300e-03 4.8497409326425e-02 1.3886010362694e-02 6.8393782383420e-03 9.0155440414508e-03 3.8756476683938e-02 2.4870466321243e-03 3.0051813471503e-03 6.3212435233161e-03 2.5906735751295e-03 6.7357512953368e-03 3.4196891191710e-03 4.7668393782383e-03 1.5544041450777e-03 3.4196891191710e-03 1.5544041450777e-03 6.7388601036269e-01 
7 2.4427480916031e-03 2.2900763358779e-03 2.9007633587786e-03 3.6641221374046e-03 1.8320610687023e-03 1.9847328244275e-03 3.2061068702290e-03 3.2061068702290e-03 1.9847328244275e-03 1.9847328244275e-03 2.2900763358779e-03 2.4427480916030e-03 2.4274809160305e-02 5.7862595419847e-02 2.1374045801527e-03 3.3587786259542e-03 1.9847328244275e-03 1.9847328244275e-03 5.3435114503817e-03 3.9694656488550e-03 1.9847328244275e-03 1.6793893129771e-03 1.9847328244275e-03 7.9389312977099e-03 8.5526717557252e-01 
8 1.2511415525114e-02 9.4155251141553e-02 2.7579908675799e-02 2.0091324200913e-03 5.0867579908676e-02 4.1095890410959e-03 3.1963470319635e-03 5.0228310502283e-03 1.8264840182648e-03 2.6484018264840e-03 1.3607305936073e-02 4.3835616438356e-03 1.7351598173516e-03 4.2009132420091e-03 1.1872146118721e-03 2.5570776255708e-03 1.0136986301370e-02 3.1963470319635e-03 2.1917808219178e-03 3.2876712328767e-03 1.2785388127854e-03 1.5799086757991e-02 1.8264840182648e-03 1.8264840182648e-03 7.2885844748858e-01 
9 1.2093023255814e-03 1.1134883720930e-01 9.3023255813954e-04 4.6511627906977e-03 2.2325581395349e-03 1.2093023255814e-03 1.5813953488372e-03 2.2325581395349e-03 1.6744186046512e-03 1.1162790697674e-03 2.4186046511628e-03 1.2093023255814e-03 4.6511627906977e-03 1.2093023255814e-03 5.0232558139535e-03 2.0465116279070e-03 4.0000000000000e-03 9.4883720930233e-03 1.3023255813953e-03 1.1162790697674e-03 1.2093023255814e-03 1.3953488372093e-03 9.3023255813954e-04 9.3023255813954e-04 8.3488372093023e-01 
10 2.2317596566524e-03 3.9484978540773e-03 6.0085836909871e-03 2.3175965665236e-03 1.0300429184549e-03 2.2317596566524e-03 1.5450643776824e-03 1.9742489270386e-03 1.2875536480687e-03 1.2017167381974e-03 1.0815450643777e-02 3.5193133047210e-03 1.0300429184549e-03 3.0360515021459e-01 1.1158798283262e-03 1.3733905579399e-03 2.2317596566524e-03 1.3733905579399e-03 3.3476394849785e-03 3.2618025751073e-03 1.3733905579399e-03 2.4892703862661e-03 1.2017167381974e-03 2.2317596566524e-03 6.3725321888412e-01 
11 2.0095693779904e-03 9.5119617224880e-02 1.6267942583732e-03 1.4832535885167e-02 2.7751196172249e-03 1.8181818181818e-03 4.2105263157895e-03 2.9665071770335e-03 1.4545454545455e-02 1.6267942583732e-03 6.7942583732057e-03 9.4736842105263e-03 1.7511961722488e-02 1.9138755980861e-03 3.1578947368421e-03 2.4880382775120e-03 2.2009569377990e-03 1.8851674641148e-02 5.7416267942584e-03 6.2200956937799e-03 1.6172248803828e-02 2.2966507177034e-03 2.2966507177034e-03 3.3492822966507e-03 7.6000000000000e-01 
12 2.2966507177034e-03 2.1052631578947e-03 3.1100478468900e-02 1.3971291866029e-02 3.4354066985646e-02 1.5789473684211e-02 3.7320574162679e-03 6.3157894736842e-03 3.5406698564593e-03 2.2966507177034e-02 3.1100478468900e-02 3.1578947368421e-03 2.5837320574163e-03 9.2822966507177e-03 3.1578947368421e-03 1.8181818181818e-03 1.7224880382775e-03 6.6028708133971e-03 2.0095693779904e-03 1.1483253588517e-02 1.1483253588517e-02 4.7846889952153e-03 1.8181818181818e-03 2.3923444976077e-03 7.7043062200957e-01 
13 1.8018018018018e-03 2.3423423423423e-03 2.8828828828829e-03 2.8828828828829e-03 3.0630630630631e-03 2.5225225225225e-03 1.9819819819820e-03 1.9819819819820e-03 1.9819819819820e-03 2.3423423423423e-03 1.8018018018018e-03 1.9819819819820e-03 2.5225225225225e-03 1.9819819819820e-03 2.1621621621622e-03 4.5045045045045e-03 5.4054054054054e-03 1.9819819819820e-03 1.9819819819820e-03 2.3099099099099e-01 1.8018018018018e-03 3.0630630630631e-03 1.8018018018018e-03 2.1621621621622e-03 7.1207207207207e-01 
14 1.6143497757848e-03 5.4529147982063e-02 4.7533632286996e-03 5.1300448430493e-02 1.1569506726457e-02 9.2466367713004e-02 3.3183856502242e-03 1.6143497757848e-03 8.9686098654708e-03 2.2421524663677e-03 4.8430493273543e-03 2.9596412556054e-03 5.0224215246637e-03 3.8565022421525e-03 4.9327354260090e-03 2.7802690582960e-03 1.4349775784753e-03 7.3542600896861e-03 1.7578475336323e-02 1.7040358744395e-03 1.0493273542601e-02 6.9955156950672e-03 2.9596412556054e-03 3.2286995515695e-03 6.9147982062780e-01 
15 2.6262626262626e-03 2.0202020202020e-03 2.8282828282828e-03 2.0202020202020e-03 2.2222222222222e-03 2.0202020202020e-03 2.4242424242424e-03 2.4242424242424e-03 2.0202020202020e-03 2.0202020202020e-03 2.0202020202020e-03 2.0202020202020e-03 5.0060606060606e-01 2.2222222222222e-03 2.2222222222222e-03 2.2222222222222e-03 2.2222222222222e-03 2.6262626262626e-03 5.0505050505050e-03 2.0202020202020e-03 2.0202020202020e-03 2.0202020202020e-03 2.0202020202020e-03 2.0202020202020e-03 4.4606060606061e-01 
16 1.4659685863874e-03 1.3612565445026e-03 2.4083769633508e-03 1.2565445026178e-03 2.0942408376963e-03 1.7801047120419e-03 5.6753926701571e-02 2.3036649214660e-03 2.1989528795812e-03 1.5706806282722e-03 1.1518324607330e-03 1.0471204188482e-03 1.5706806282722e-03 2.8272251308901e-03 3.2460732984293e-03 1.5497382198953e-02 1.2565445026178e-03 1.3612565445026e-03 1.7801047120419e-03 3.1413612565445e-03 4.1884816753927e-03 1.2565445026178e-03 1.0471204188482e-03 1.4659685863874e-03 8.8596858638743e-01 
17 2.5806451612903e-03 2.3655913978495e-03 2.1505376344086e-03 2.3655913978495e-03 2.4301075268817e-02 4.9462365591398e-03 1.8494623655914e-01 4.5161290322581e-03 2.7956989247312e-03 2.7956989247312e-03 3.0107526881720e-03 2.5806451612903e-03 2.3655913978495e-03 2.7956989247312e-03 2.1505376344086e-03 2.2150537634409e-02 3.8709677419355e-03 6.4516129032258e-03 2.3655913978495e-03 2.5806451612903e-03 2.3655913978495e-03 2.7956989247312e-03 5.1612903225806e-03 2.3655913978495e-03 7.0322580645161e-01 
18 2.2026431718062e-03 7.2687224669604e-02 9.6035242290749e-03 3.1718061674009e-03 3.1718061674009e-03 6.9603524229075e-03 7.4008810572687e-03 2.0264317180617e-03 3.0837004405286e-03 5.4625550660793e-03 2.3171806167401e-02 5.7268722466960e-03 3.1718061674009e-03 4.4052863436123e-03 2.5550660792952e-03 2.2202643171806e-02 6.0792951541850e-03 2.1145374449339e-03 6.9603524229075e-03 1.0572687224670e-03 2.9955947136564e-03 1.3215859030837e-03 3.3480176211454e-03 3.0837004405286e-03 7.9603524229075e-01 
19 1.1976047904192e-03 1.3173652694611e-03 2.1437125748503e-02 1.4371257485030e-03 1.4730538922156e-02 1.5568862275449e-03 1.4371257485030e-03 2.3952095808383e-03 2.0359281437126e-03 3.9520958083832e-03 2.0359281437126e-03 3.1580838323353e-01 1.5568862275449e-03 1.4371257485030e-03 1.7964071856287e-03 3.1137724550898e-03 1.4371257485030e-03 4.5508982035928e-03 5.2694610778443e-03 4.5508982035928e-03 2.6347305389222e-03 1.4371257485030e-03 1.3101796407186e-01 2.2754491017964e-03 4.6958083832335e-01 
20 1.2077294685990e-02 1.8357487922705e-03 1.3526570048309e-03 1.3526570048309e-03 5.6038647342995e-03 1.3333333333333e-02 1.8357487922705e-03 3.3816425120773e-03 2.3188405797101e-03 1.3236714975845e-01 2.7053140096618e-03 1.7101449275362e-02 3.0917874396135e-03 4.2512077294686e-03 4.5410628019324e-03 7.9227053140097e-03 8.8888888888889e-03 1.2560386473430e-03 1.0048309178744e-02 8.7922705314010e-03 7.3429951690821e-03 5.7004830917874e-03 2.3188405797101e-03 1.4241545893720e-01 5.9816425120773e-01 
21 2.2222222222222e-03 3.0769230769231e-03 2.9059829059829e-03 2.7350427350427e-03 2.5641025641026e-03 9.7435897435898e-03 3.2478632478632e-03 2.0512820512820e-03 2.0512820512820e-03 2.0512820512820e-03 2.1709401709402e-02 1.0786324786325e-01 2.2222222222222e-03 3.5897435897436e-03 5.1282051282051e-03 1.7094017094017e-03 3.2136752136752e-02 4.1025641025641e-03 1.7094017094017e-03 2.7350427350427e-03 8.7179487179487e-03 2.2222222222222e-03 1.3042735042735e-01 4.2905982905983e-02 6.0017094017094e-01 
22 4.3037974683544e-03 3.0379746835443e-03 3.0379746835443e-03 3.5443037974684e-03 3.7974683544304e-03 2.7848101265823e-03 3.0379746835443e-03 3.0379746835443e-03 3.7974683544304e-03 2.7848101265823e-03 2.7848101265823e-03 3.0379746835443e-03 2.7848101265823e-03 2.7848101265823e-03 2.7848101265823e-03 2.7848101265823e-03 4.5569620253165e-03 3.0379746835443e-03 3.5443037974684e-03 2.5316455696203e-03 3.7974683544304e-03 1.9189873417722e-01 3.0379746835443e-03 5.2405063291139e-02 6.8506329113924e-01 
23 2.6285714285714e-03 1.6000000000000e-03 1.1428571428571e-03 1.2571428571429e-03 2.0571428571429e-03 1.2571428571429e-03 1.4857142857143e-03 2.2857142857143e-03 1.4857142857143e-03 2.1714285714286e-03 1.6000000000000e-03 1.1428571428571e-03 5.0285714285714e-03 1.6000000000000e-03 1.8285714285714e-03 1.4857142857143e-03 1.2571428571429e-03 1.4857142857143e-03 1.2948571428571e-01 1.7142857142857e-03 7.2342857142857e-02 3.3142857142857e-03 1.1120000000000e-01 3.3142857142857e-03 6.4582857142857e-01 
24 1.6888888888889e-03 2.2222222222222e-03 1.8044444444444e-02 1.7422222222222e-02 1.6888888888889e-03 9.7777777777778e-04 2.9333333333333e-03 1.7777777777778e-03 5.4222222222222e-03 4.0000000000000e-03 1.3066666666667e-02 4.7111111111111e-03 4.8888888888889e-03 2.2755555555556e-02 3.9022222222222e-02 1.2444444444444e-03 1.2622222222222e-02 6.7288888888889e-02 2.9333333333333e-03 2.4888888888889e-03 1.6444444444444e-02 2.1600000000000e-02 1.6000000000000e-03 3.9111111111111e-03 7.2924444444444e-01 
25 3.5616438356164e-03 4.3835616438356e-03 3.5616438356164e-03 2.7397260273973e-03 3.2876712328767e-03 3.2876712328767e-03 3.0136986301370e-03 2.7397260273973e-03 9.8630136986301e-03 2.7397260273973e-03 3.5616438356164e-03 2.7397260273973e-03 4.9315068493151e-03 3.0136986301370e-03 3.5616438356164e-03 3.8356164383562e-03 3.0136986301370e-03 3.2876712328767e-03 2.7589041095890e-01 3.0136986301370e-03 3.0136986301370e-03 1.4794520547945e-02 3.0136986301370e-03 3.2054794520548e-02 6.0109589041096e-01 
26 1.2400000000000e-01 2.1395348837209e-03 5.2093023255814e-03 2.4186046511628e-03 1.4232558139535e-02 2.3255813953488e-03 8.1860465116279e-03 5.9534883720930e-02 5.0232558139535e-03 7.5348837209302e-03 1.2372093023256e-02 6.0186046511628e-02 5.6744186046512e-03 2.4186046511628e-03 2.1395348837209e-03 3.7209302325581e-03 1.2093023255814e-03 1.7674418604651e-03 4.4651162790698e-03 2.9767441860465e-03 2.1395348837209e-03 7.7209302325581e-03 3.0697674418605e-03 4.1860465116279e-03 6.5534883720930e-01 
27 2.8985507246377e-03 3.7681159420290e-03 1.0724637681159e-02 5.2173913043478e-03 7.5362318840580e-03 2.8985507246377e-03 2.8985507246377e-03 2.8985507246377e-03 7.5362318840580e-03 4.0579710144928e-03 3.4782608695652e-03 3.1884057971015e-03 2.6521739130435e-01 3.7681159420290e-03 3.7681159420290e-03 2.8985507246377e-03 2.8985507246377e-03 3.1884057971015e-03 2.8985507246377e-03 3.7681159420290e-03 3.1884057971015e-03 3.4782608695652e-03 2.8985507246377e-03 3.1884057971015e-03 6.4173913043478e-01 
28 1.7699115044248e-03 2.8318584070797e-03 1.9469026548673e-03 2.6548672566372e-03 3.0088495575221e-03 1.7699115044248e-03 3.0088495575221e-03 2.1238938053097e-03 1.9469026548673e-03 2.3008849557522e-03 2.1238938053097e-03 2.1238938053097e-03 1.1415929203540e-01 2.1238938053097e-03 5.4867256637168e-03 2.3893805309735e-02 8.5132743362832e-02 1.9469026548673e-03 1.7699115044248e-03 2.6548672566372e-03 2.1238938053097e-03 2.3008849557522e-03 1.9469026548673e-03 3.5398230088496e-03 7.2530973451327e-01 
29 1.1869918699187e-02 2.2764227642276e-03 2.1138211382114e-03 1.9512195121951e-03 2.4390243902439e-03 4.3902439024390e-03 3.5772357723577e-03 5.8536585365854e-03 2.9430894308943e-02 2.2764227642276e-03 2.7642276422764e-03 2.7642276422764e-03 2.2764227642276e-03 5.3658536585366e-03 2.4390243902439e-03 1.9512195121951e-03 1.9186991869919e-02 8.8130081300813e-02 2.2764227642276e-02 1.9512195121951e-03 2.2764227642276e-03 1.9512195121951e-03 2.4390243902439e-03 1.7398373983740e-02 7.6016260162602e-01 
30 3.3766233766234e-03 2.5974025974026e-03 2.8571428571429e-03 2.8571428571429e-03 2.5974025974026e-03 3.3766233766234e-03 3.3766233766234e-03 3.1168831168831e-03 2.8571428571429e-03 3.1168831168831e-03 3.1168831168831e-03 2.5974025974026e-03 8.7792207792208e-02 2.5974025974026e-03 2.8571428571429e-03 1.9220779220779e-02 3.1168831168831e-03 2.8571428571429e-03 2.5974025974026e-03 4.4155844155844e-03 2.5974025974026e-03 3.1168831168831e-03 3.3766233766234e-03 2.8571428571429e-03 8.2675324675325e-01 
31 3.1413612565445e-03 4.8167539267016e-03 7.1204188481675e-03 1.1403141361257e-01 5.4450261780105e-03 5.5497382198953e-03 1.1518324607330e-02 7.2251308900524e-03 2.1989528795811e-03 2.4083769633508e-03 4.8167539267016e-03 2.7225130890052e-03 6.1780104712042e-03 4.8167539267016e-03 3.3507853403141e-03 2.4083769633508e-03 1.7801047120419e-03 2.8272251308901e-03 1.8848167539267e-03 1.0785340314136e-02 5.0261780104712e-03 1.2565445026178e-03 2.1989528795811e-03 2.8272251308901e-03 7.8366492146597e-01 
32 7.5132275132275e-03 4.9735449735450e-03 9.4179894179894e-03 2.4338624338624e-03 7.4074074074074e-03 4.1587301587302e-02 2.1164021164021e-03 2.7513227513227e-03 6.8783068783069e-03 1.7989417989418e-03 8.1481481481481e-03 4.8677248677249e-03 2.6455026455026e-03 1.7989417989418e-03 1.2275132275132e-02 3.1746031746032e-03 2.5396825396825e-03 1.6931216931217e-03 1.5873015873016e-02 1.1365079365079e-01 3.9153439153439e-03 1.3756613756614e-03 1.3756613756614e-03 9.5238095238095e-03 7.3026455026455e-01 
33 4.9315068493151e-03 3.5616438356164e-03 5.7534246575343e-03 4.3835616438356e-03 4.1095890410959e-03 3.5616438356164e-03 6.8493150684932e-03 3.5616438356164e-03 5.2054794520548e-03 3.0136986301370e-03 3.0136986301370e-03 4.3835616438356e-03 3.2876712328767e-03 1.0958904109589e-02 3.5616438356164e-03 4.6575342465753e-03 1.8082191780822e-02 3.0136986301370e-03 3.2328767123288e-02 9.3150684931507e-03 4.9315068493151e-03 6.0273972602740e-03 1.5972602739726e-01 4.9315068493151e-03 6.8684931506849e-01 
34 1.7600000000000e-03 1.6000000000000e-03 2.4000000000000e-03 3.0400000000000e-03 1.9200000000000e-03 1.9200000000000e-03 1.5872000000000e-01 1.9200000000000e-03 3.8400000000000e-03 2.4000000000000e-03 3.0400000000000e-03 2.8800000000000e-03 5.2800000000000e-03 1.7600000000000e-03 2.5600000000000e-03 1.7600000000000e-03 1.7600000000000e-03 8.3200000000000e-03 1.5024000000000e-01 1.7600000000000e-03 6.7200000000000e-03 1.9200000000000e-03 1.6000000000000e-03 1.7600000000000e-03 6.2912000000000e-01 
35 1.2290502793296e-03 2.2346368715084e-03 2.7932960893855e-03 6.7039106145251e-03 7.3743016759777e-03 7.7094972067039e-03 7.3743016759777e-03 4.5810055865922e-03 4.5810055865922e-03 3.2402234636872e-03 2.0111731843575e-03 1.8994413407821e-03 1.0167597765363e-02 2.2346368715084e-03 2.1229050279330e-03 5.3184357541899e-02 2.5698324022346e-03 6.8156424581006e-03 3.9106145251397e-03 2.9720670391061e-02 2.3463687150838e-02 4.4692737430168e-03 1.2290502793296e-03 4.9162011173184e-03 8.0346368715084e-01 
36 2.0320855614973e-03 1.1764705882353e-03 1.8181818181818e-03 2.8877005347594e-03 3.3155080213904e-03 5.7754010695187e-03 1.8181818181818e-03 1.8181818181818e-03 5.8823529411765e-03 1.9251336898396e-03 2.7807486631016e-03 1.4973262032086e-03 5.1336898395722e-03 3.2085561497326e-03 1.2834224598930e-03 2.4491978609626e-02 1.7112299465241e-03 1.1764705882353e-03 5.6684491978610e-03 5.3475935828877e-03 2.9411764705882e-02 2.9946524064171e-03 1.8181818181818e-03 4.1711229946524e-03 8.8085561497326e-01 
37 2.9268292682927e-03 4.2341463414634e-02 1.9512195121951e-03 2.0487804878049e-03 1.2682926829268e-03 1.5609756097561e-03 1.5609756097561e-03 3.2195121951219e-03 2.1463414634146e-03 1.9512195121951e-03 1.4634146341463e-03 1.9512195121951e-03 2.7024390243902e-02 1.2682926829268e-03 1.6585365853659e-03 4.3902439024390e-03 7.0926829268293e-02 1.8536585365854e-03 1.9414634146342e-02 1.1902439024390e-02 1.6585365853659e-03 1.7560975609756e-03 7.2195121951219e-03 8.3902439024390e-03 7.7814634146341e-01 
38 4.5360824742268e-03 2.0618556701031e-03 2.4742268041237e-03 5.3608247422680e-03 2.4742268041237e-03 2.4742268041237e-03 3.0927835051546e-03 4.7422680412371e-03 2.6804123711340e-03 3.2989690721649e-03 2.0618556701031e-03 2.2680412371134e-03 2.2680412371134e-03 1.5670103092784e-02 6.3917525773196e-03 2.2680412371134e-03 8.1855670103093e-02 2.4742268041237e-03 3.2989690721649e-03 3.7113402061856e-03 4.9484536082474e-03 2.2680412371134e-03 2.3092783505155e-02 2.4742268041237e-03 8.1175257731959e-01 
39 9.7729729729730e-02 2.4864864864865e-03 1.2972972972973e-03 2.0540540540541e-03 3.0270270270270e-03 1.9459459459459e-03 7.2432432432432e-03 2.3783783783784e-03 3.1351351351351e-03 3.6756756756757e-03 3.0918918918919e-02 2.8108108108108e-03 2.9189189189189e-03 5.6216216216216e-03 3.5675675675676e-03 9.2972972972973e-03 2.3783783783784e-03 3.2432432432432e-03 4.2162162162162e-03 6.1621621621622e-03 1.4054054054054e-03 5.8378378378378e-03 1.2216216216216e-02 1.2972972972973e-03 7.8313513513514e-01 
40 4.5525291828794e-02 3.7587548638132e-02 3.1128404669261e-03 2.1789883268482e-03 4.5914396887160e-03 3.7276264591440e-02 4.2801556420234e-03 1.5564202334630e-03 2.5680933852140e-03 1.4007782101167e-03 1.7898832684825e-03 1.4007782101167e-03 2.4124513618677e-03 3.0350194552529e-03 5.5252918287938e-03 3.0350194552529e-03 2.0233463035019e-03 4.4357976653696e-03 2.8793774319066e-03 1.2684824902724e-02 6.2256809338521e-03 1.5564202334630e-03 1.2062256809339e-02 1.4443579766537e-01 6.5642023346304e-01 
41 2.2026431718062e-03 5.1982378854626e-03 2.7312775330396e-03 5.5506607929515e-03 1.6740088105727e-03 3.8766519823789e-03 1.4096916299559e-03 6.8722466960352e-03 4.0528634361233e-03 2.2026431718062e-03 2.8193832599119e-03 2.6431718061674e-03 1.2070484581498e-02 2.0264317180617e-03 1.5859030837004e-03 4.5991189427313e-02 4.6696035242291e-03 2.1145374449339e-02 1.5594713656388e-02 8.4581497797357e-03 2.5550660792952e-03 2.4669603524229e-03 3.6123348017621e-03 1.1453744493392e-03 8.3744493392071e-01 
42 3.6610169491525e-02 3.3898305084746e-03 4.4067796610169e-03 3.7288135593220e-03 1.1661016949153e-01 4.4067796610169e-03 3.3898305084746e-03 3.7288135593220e-03 4.0677966101695e-03 3.3898305084746e-03 3.3898305084746e-03 3.3898305084746e-03 3.7288135593220e-03 3.3898305084746e-03 3.7288135593220e-03 4.4067796610169e-03 3.3898305084746e-03 3.3898305084746e-03 3.3898305084746e-03 4.0677966101695e-03 3.3898305084746e-03 3.7288135593220e-03 3.3898305084746e-03 4.0677966101695e-03 7.6542372881356e-01 
43 1.8957345971564e-03 1.5165876777251e-03 1.1090047393365e-02 3.8862559241706e-03 2.3696682464455e-03 4.1706161137441e-03 5.3080568720379e-03 2.4265402843602e-02 2.4644549763033e-03 1.2568720379147e-01 3.4123222748815e-03 3.1753554502370e-02 5.2132701421801e-03 1.5165876777251e-02 5.7819905213270e-03 5.9715639810427e-03 8.8151658767773e-03 2.1800947867299e-03 1.0047393364929e-02 4.0758293838863e-03 7.3933649289099e-03 2.4644549763033e-03 1.5165876777251e-03 3.1279620853081e-03 7.1042654028436e-01 
44 2.0183486238532e-03 1.8348623853211e-03 2.5688073394495e-03 2.5688073394495e-03 5.3211009174312e-03 3.6697247706422e-03 1.2844036697248e-02 5.1376146788991e-03 4.7706422018349e-03 4.7706422018349e-03 9.1743119266055e-03 1.7981651376147e-02 2.2018348623853e-03 4.9541284403670e-03 2.0183486238532e-03 2.2018348623853e-03 3.8715596330275e-02 2.2018348623853e-03 7.1559633027523e-03 1.1009174311927e-02 3.1192660550459e-03 4.4036697247706e-03 1.8348623853211e-03 1.3577981651376e-02 8.3394495412844e-01 
45 1.7313432835821e-02 1.3930348258706e-03 4.0597014925373e-02 6.1492537313433e-02 6.3084577114428e-02 4.4776119402985e-03 4.3781094527363e-03 5.1741293532338e-03 9.3532338308458e-03 3.0845771144279e-03 3.5820895522388e-03 3.8805970149254e-03 2.1293532338308e-02 2.0895522388060e-02 5.5721393034826e-03 7.1641791044776e-03 3.6815920398010e-03 2.5870646766169e-03 4.1791044776119e-03 7.3631840796020e-03 2.7860696517413e-03 3.6616915422886e-02 1.8905472636816e-03 8.1592039800995e-03 6.6000000000000e-01 
46 1.5642458100559e-03 1.2100558659218e-01 2.2122905027933e-02 1.7877094972067e-03 7.4860335195531e-03 9.7206703910614e-03 7.3743016759777e-03 3.0167597765363e-03 4.4692737430168e-03 3.1955307262570e-02 4.3575418994413e-03 2.9050279329609e-03 1.8324022346369e-02 9.8324022346368e-03 1.8994413407821e-03 1.4860335195531e-02 5.6983240223464e-03 2.5698324022346e-03 3.5754189944134e-03 1.4525139664804e-03 1.3407821229050e-03 2.7932960893855e-03 2.9050279329609e-03 1.8994413407821e-03 7.1508379888268e-01 
47 1.4173913043478e-01 5.6038647342995e-03 2.4154589371981e-03 1.0338164251208e-02 8.2125603864734e-03 7.0531400966184e-03 8.8888888888889e-03 2.5217391304348e-02 3.1884057971014e-03 6.9565217391304e-03 1.3526570048309e-03 5.8937198067633e-03 1.1304347826087e-02 2.8985507246377e-03 4.3478260869565e-03 2.3188405797101e-03 1.2173913043478e-02 2.2222222222222e-03 4.1545893719807e-03 1.5652173913043e-02 2.2222222222222e-03 5.6038647342995e-03 1.9323671497585e-03 3.0434782608696e-02 6.7787439613527e-01 
48 4.0506329113924e-03 1.1645569620253e-02 5.5696202531645e-03 3.0379746835443e-03 3.0379746835443e-03 2.7848101265823e-03 5.0632911392405e-03 3.0379746835443e-03 2.5316455696203e-03 2.7848101265823e-03 3.7468354430380e-02 2.5316455696203e-03 4.2025316455696e-02 4.8101265822785e-03 5.8227848101266e-03 3.3924050632911e-02 2.5316455696203e-03 2.5316455696203e-03 3.0379746835443e-03 3.5443037974684e-03 2.5316455696203e-03 1.4683544303797e-02 4.5569620253165e-03 6.3291139240506e-03 7.9012658227848e-01 
49 1.9819819819820e-03 2.8828828828829e-03 6.4864864864865e-03 2.5225225225225e-03 2.3423423423423e-03 3.2432432432432e-03 1.8018018018018e-03 1.9819819819820e-03 2.8828828828829e-03 2.1621621621622e-03 2.1621621621622e-03 2.3423423423423e-03 3.4234234234234e-03 1.9819819819820e-03 2.8828828828829e-03 2.3423423423423e-03 5.5855855855856e-03 2.8828828828829e-03 2.3423423423423e-03 3.2432432432432e-03 2.5225225225225e-03 2.5783783783784e-01 5.0450450450451e-03 4.6666666666667e-02 6.3045045045045e-01 
50 9.3577981651376e-03 2.2018348623853e-03 4.2201834862385e-03 1.8348623853211e-03 2.3853211009174e-03 2.5688073394495e-03 2.0550458715596e-02 2.7522935779816e-03 2.3853211009174e-03 2.0183486238532e-03 2.2018348623853e-03 2.0183486238532e-03 2.3853211009174e-03 2.0183486238532e-03 3.6697247706422e-03 1.8348623853211e-03 3.6697247706422e-03 2.3853211009174e-03 2.2201834862385e-02 3.3027522935780e-03 2.6238532110092e-02 2.2018348623853e-03 2.0183486238532e-03 1.8348623853211e-03 8.7174311926605e-01 
51 2.4000000000000e-03 3.0400000000000e-03 4.8000000000000e-03 2.2400000000000e-03 1.4080000000000e-02 2.0800000000000e-03 5.7600000000000e-03 3.6800000000000e-03 7.0400000000000e-03 2.2400000000000e-03 2.5600000000000e-03 2.0800000000000e-03 1.2000000000000e-02 1.4880000000000e-02 1.6000000000000e-03 1.7600000000000e-03 1.9200000000000e-03 2.0800000000000e-03 4.4800000000000e-03 2.0800000000000e-03 2.0800000000000e-02 3.0400000000000e-03 6.7200000000000e-03 2.4000000000000e-03 8.7424000000000e-01 
52 3.3160621761658e-03 2.6943005181347e-03 7.2538860103627e-03 2.3626943005181e-02 4.4352331606218e-02 2.7979274611399e-03 2.7979274611399e-03 5.3886010362694e-03 2.9015544041451e-03 5.5647668393782e-02 2.3834196891192e-03 1.9274611398964e-02 2.1761658031088e-03 2.5906735751295e-03 2.0725388601036e-03 3.8341968911917e-03 7.1502590673575e-03 3.4196891191710e-03 2.5906735751295e-03 2.9015544041451e-03 1.4507772020725e-03 2.6632124352332e-02 1.5544041450777e-03 3.1088082901554e-03 7.6808290155440e-01 
53 5.0717703349282e-03 2.0095693779904e-03 2.3923444976077e-03 1.2440191387560e-02 1.9138755980861e-03 2.9665071770335e-03 6.5071770334928e-03 5.0717703349282e-03 3.4449760765550e-03 2.5837320574163e-03 2.6794258373206e-03 2.2966507177034e-03 2.0095693779904e-03 3.9234449760766e-03 1.6267942583732e-03 2.0095693779904e-03 3.7320574162679e-03 6.7942583732057e-03 1.5311004784689e-03 5.4066985645933e-02 1.5311004784689e-03 1.3397129186603e-03 1.6076555023923e-02 1.3397129186603e-03 8.5464114832536e-01 
54 6.9565217391304e-03 8.9855072463768e-02 3.4782608695652e-03 1.4492753623188e-03 2.3188405797101e-03 7.2657004830918e-02 4.9275362318841e-03 2.9951690821256e-03 5.2173913043478e-03 2.9951690821256e-03 2.9951690821256e-03 1.0628019323671e-03 2.2222222222222e-03 2.8019323671498e-03 4.5410628019324e-03 5.3140096618358e-03 1.5458937198068e-03 1.2753623188406e-02 3.0048309178744e-02 1.8357487922705e-03 3.0917874396135e-03 4.0579710144928e-03 1.6425120772947e-03 8.8888888888889e-03 7.2434782608696e-01 
55 9.5238095238095e-04 1.2121212121212e-03 2.5541125541126e-02 1.7316017316017e-03 1.2121212121212e-03 1.1255411255411e-03 8.3982683982684e-03 1.6450216450216e-03 7.6190476190476e-03 2.0779220779221e-03 4.6753246753247e-03 9.5238095238095e-04 3.2034632034632e-03 2.8571428571429e-03 8.6580086580087e-04 1.2121212121212e-03 1.1341991341991e-02 1.0389610389610e-03 8.6580086580087e-04 9.5238095238095e-04 1.3939393939394e-02 7.3593073593074e-03 8.6580086580087e-04 1.3852813852814e-03 8.9696969696970e-01 
56 3.8356164383562e-03 3.0136986301370e-03 3.0136986301370e-03 3.5616438356164e-03 2.7397260273973e-03 3.2876712328767e-03 7.6712328767123e-03 9.3150684931507e-03 5.7534246575343e-03 4.6575342465753e-03 4.1095890410959e-03 7.1232876712329e-03 6.3013698630137e-03 2.7397260273973e-03 2.7397260273973e-03 2.7397260273973e-03 2.7397260273973e-03 3.0136986301370e-03 3.0136986301370e-03 2.7397260273973e-03 4.3835616438356e-03 6.3013698630137e-03 4.9315068493151e-03 4.9315068493151e-03 8.9534246575342e-01 
57 1.9555555555556e-03 1.5111111111111e-03 2.4000000000000e-03 2.1333333333333e-03 2.1333333333333e-03 1.7777777777778e-03 2.9333333333333e-03 7.6444444444445e-03 5.5200000000000e-02 1.6888888888889e-03 5.4222222222222e-03 1.1555555555556e-03 2.3111111111111e-03 1.6000000000000e-03 2.4888888888889e-03 6.9333333333333e-03 4.5333333333333e-03 5.8666666666667e-03 3.9111111111111e-03 3.1111111111111e-03 6.0444444444444e-03 5.9555555555556e-03 2.6666666666667e-03 1.6888888888889e-03 8.6693333333333e-01 
58 4.4444444444445e-03 2.2222222222222e-03 6.7729468599034e-02 5.9710144927536e-02 7.3429951690821e-03 2.8985507246377e-03 9.6618357487923e-03 1.9323671497585e-03 2.1835748792270e-02 2.2222222222222e-03 1.2850241545894e-02 3.3043478260870e-02 4.6376811594203e-03 1.5458937198068e-03 2.0289855072464e-03 1.1594202898551e-03 8.8888888888889e-03 6.6666666666667e-03 1.9323671497585e-03 5.7971014492754e-02 6.0869565217391e-03 1.3526570048309e-03 4.1545893719807e-03 1.8357487922705e-03 6.7584541062802e-01 
59 9.6296296296296e-03 8.8888888888889e-03 8.1481481481482e-03 2.0000000000000e-02 1.0370370370370e-02 7.4074074074074e-03 1.4814814814815e-02 1.2592592592593e-02 9.6296296296297e-03 8.1481481481482e-03 1.4814814814815e-02 2.8888888888889e-02 8.1481481481482e-03 1.4074074074074e-02 7.4074074074074e-03 8.1481481481482e-03 7.4074074074074e-03 1.0370370370370e-02 1.1851851851852e-02 7.4074074074074e-03 7.4074074074074e-03 7.4074074074074e-03 7.4074074074074e-03 8.1481481481482e-03 7.4148148148148e-01 
60 9.5238095238095e-03 1.1428571428571e-02 1.1428571428571e-02 9.5238095238095e-03 9.5238095238095e-03 1.2380952380952e-02 9.5238095238095e-03 1.0476190476190e-02 9.5238095238095e-03 9.5238095238095e-03 1.0476190476190e-02 9.5238095238095e-03 9.5238095238095e-03 9.5238095238095e-03 1.1428571428571e-02 9.5238095238095e-03 1.1428571428571e-02 9.5238095238095e-03 9.5238095238095e-03 9.5238095238095e-03 1.0476190476190e-02 1.3333333333333e-02 9.5238095238095e-03 9.5238095238095e-03 7.5428571428571e-01 
61 1.0829268292683e-02 1.7560975609756e-03 5.8536585365854e-03 1.4926829268293e-02 1.0146341463415e-02 4.7804878048780e-03 5.9512195121951e-03 2.5853658536585e-02 1.7560975609756e-03 2.0487804878049e-03 4.4878048780488e-03 2.3414634146341e-03 1.3658536585366e-03 1.1707317073171e-03 5.3658536585366e-03 3.0146341463415e-02 1.8536585365854e-03 5.3658536585366e-03 2.0487804878049e-03 2.2439024390244e-03 1.0926829268293e-02 8.0000000000000e-03 1.1707317073171e-03 6.4390243902439e-03 8.3317073170732e-01 
62 4.1340782122905e-03 4.4692737430168e-03 2.2346368715084e-03 1.2290502793296e-03 1.7877094972067e-03 2.0111731843575e-03 8.7150837988827e-03 3.1061452513966e-02 1.1508379888268e-02 1.2290502793296e-03 1.3631284916201e-02 1.5642458100559e-03 4.2458100558659e-03 1.4525139664804e-03 3.0167597765363e-03 5.0279329608939e-03 7.9329608938548e-03 4.4692737430168e-03 2.1229050279330e-03 4.8268156424581e-02 2.7932960893855e-03 2.1229050279330e-03 1.4525139664804e-03 4.0223463687151e-03 8.2949720670391e-01 
63 1.7224880382775e-03 2.3923444976077e-03 1.9138755980861e-03 2.4593301435407e-02 3.7320574162679e-02 1.0038277511962e-01 1.5885167464115e-02 4.7846889952153e-03 4.4019138755981e-03 1.0239234449761e-02 1.1770334928230e-02 2.0095693779904e-03 5.1674641148325e-03 2.6794258373206e-03 1.3492822966507e-02 6.6028708133971e-03 1.7224880382775e-03 3.6363636363636e-03 1.1578947368421e-02 4.2105263157895e-03 7.2727272727273e-03 2.1052631578947e-02 2.7751196172249e-03 4.2679425837321e-02 6.5971291866029e-01 
64 9.7777777777778e-04 5.6888888888889e-03 3.2000000000000e-03 3.0222222222222e-03 5.6000000000000e-03 1.1377777777778e-02 3.1111111111111e-03 1.4222222222222e-03 4.8000000000000e-03 1.8400000000000e-02 2.4000000000000e-03 5.6977777777778e-02 2.4888888888889e-03 3.4666666666667e-03 2.4000000000000e-03 2.7377777777778e-02 2.1333333333333e-03 2.7555555555556e-03 1.4044444444444e-02 1.4222222222222e-03 1.3333333333333e-03 3.5555555555556e-03 1.7777777777778e-03 2.9333333333333e-03 8.1733333333333e-01 
65 4.0522875816993e-03 1.8300653594771e-03 2.6143790849673e-03 3.8823529411765e-02 4.3137254901961e-03 2.2222222222222e-02 6.1437908496732e-03 6.9281045751634e-03 9.8039215686275e-03 3.2679738562092e-03 2.0915032679739e-03 4.0522875816993e-03 5.3594771241830e-03 3.5294117647059e-03 6.0130718954248e-03 3.3986928104575e-03 2.0915032679739e-03 7.0588235294118e-03 3.5294117647059e-03 2.4836601307190e-03 1.8169934640523e-02 1.4117647058824e-02 4.9673202614379e-03 1.9084967320261e-02 8.0405228758170e-01 
66 1.8181818181818e-03 5.4685314685315e-02 1.8181818181818e-03 2.0979020979021e-03 1.9580419580420e-03 2.0979020979021e-03 1.3986013986014e-03 1.6783216783217e-03 4.1958041958042e-03 2.0979020979021e-03 5.1748251748252e-03 1.5384615384615e-03 1.6783216783217e-03 1.6783216783217e-03 1.6783216783217e-03 2.2377622377622e-03 1.8181818181818e-03 2.2377622377622e-03 1.9580419580420e-03 1.6783216783217e-03 1.9580419580420e-03 1.9580419580420e-03 6.8531468531469e-03 1.8181818181818e-03 8.9188811188811e-01 
67 3.2876712328767e-03 9.1324200913242e-04 2.1004566210046e-03 3.5616438356164e-03 3.1050228310502e-03 3.0136986301370e-03 3.1050228310502e-03 9.7716894977169e-03 6.3744292237443e-02 1.9178082191781e-03 4.1187214611872e-02 3.3789954337900e-03 1.2785388127854e-03 5.0228310502283e-03 2.4657534246575e-03 4.2009132420091e-03 3.1050228310502e-03 8.1278538812785e-03 1.9178082191781e-03 9.8173515981735e-02 1.5707762557078e-02 8.7671232876712e-03 2.4657534246575e-03 3.5616438356164e-03 7.0611872146119e-01 
68 2.5263157894737e-03 2.5263157894737e-03 6.9473684210526e-03 2.9473684210526e-03 3.5789473684210e-03 2.9473684210526e-03 2.1052631578947e-03 2.3157894736842e-03 2.3157894736842e-03 2.5263157894737e-03 2.3157894736842e-03 4.0000000000000e-03 2.3157894736842e-03 2.3157894736842e-03 2.5263157894737e-03 4.4210526315790e-03 2.5263157894737e-03 1.6421052631579e-02 9.4736842105263e-03 3.5789473684210e-03 1.3157894736842e-01 4.0000000000000e-03 3.5368421052632e-02 3.1578947368421e-03 7.4526315789474e-01 
69 1.8018018018018e-03 1.8018018018018e-03 2.3423423423423e-03 1.9819819819820e-03 1.9819819819820e-03 2.1621621621622e-03 1.8018018018018e-03 1.8018018018018e-03 2.5693693693694e-01 1.9819819819820e-03 2.3423423423423e-03 1.9819819819820e-03 1.2216216216216e-01 1.9819819819820e-03 1.8018018018018e-03 1.8018018018018e-03 1.9819819819820e-03 1.8018018018018e-03 1.9819819819820e-03 1.9819819819820e-03 1.9819819819820e-03 1.8018018018018e-03 1.8018018018018e-03 1.8018018018018e-03 5.7819819819820e-01 
70 2.2099447513812e-03 3.7569060773481e-03 2.2099447513812e-03 3.0939226519337e-03 9.3922651933702e-03 9.8011049723757e-02 3.5359116022099e-03 2.2099447513812e-03 1.8784530386740e-03 1.7127071823204e-02 4.3093922651934e-03 2.5414364640884e-03 5.7458563535912e-03 2.5414364640884e-03 1.8784530386740e-03 1.1602209944751e-02 1.8784530386740e-03 3.8674033149171e-03 1.6574585635359e-03 1.6574585635359e-03 2.7624309392265e-03 3.9779005524862e-03 1.8784530386740e-03 2.0662983425414e-02 7.8961325966851e-01 
71 2.2439024390244e-03 2.5365853658537e-03 7.7073170731707e-03 2.3414634146341e-03 7.7073170731707e-03 1.3658536585366e-03 4.3902439024390e-03 1.8536585365854e-02 2.1463414634146e-03 6.3512195121951e-02 3.2195121951219e-03 4.7804878048780e-03 5.2682926829268e-03 2.2439024390244e-03 4.4878048780488e-03 1.1902439024390e-02 4.7902439024390e-02 4.7804878048780e-03 2.0487804878049e-03 1.9512195121951e-03 2.2439024390244e-03 2.4390243902439e-03 1.1219512195122e-02 1.5609756097561e-03 7.8146341463415e-01 
72 1.4096916299559e-03 4.1409691629956e-03 1.9383259911894e-03 1.6740088105727e-03 3.3568281938326e-02 8.8105726872247e-03 1.5859030837004e-03 2.4669603524229e-03 3.0837004405286e-03 1.0837004405286e-02 3.7004405286344e-03 2.4669603524229e-03 2.2026431718062e-03 2.9955947136564e-03 1.2766519823789e-01 2.6431718061674e-03 1.8502202643172e-03 2.2026431718062e-03 3.2599118942731e-03 1.0925110132159e-02 5.4625550660793e-03 9.3392070484581e-03 1.2334801762115e-03 2.2026431718062e-03 7.5233480176211e-01 
73 3.0379746835443e-03 2.5316455696203e-03 3.5443037974684e-03 3.0379746835443e-03 3.0379746835443e-03 2.7848101265823e-03 2.5316455696203e-03 3.0379746835443e-03 2.5316455696203e-03 2.5316455696203e-03 2.7848101265823e-03 2.5316455696203e-03 2.5316455696203e-03 3.0379746835443e-03 2.5316455696203e-03 2.7848101265823e-03 2.5316455696203e-03 3.0379746835443e-03 3.0379746835443e-03 2.7848101265823e-03 3.5443037974684e-03 2.5316455696203e-03 2.5316455696203e-03 7.7721518987342e-02 8.5746835443038e-01 
74 1.4379084967320e-03 1.6993464052288e-03 1.3071895424837e-03 2.0915032679739e-03 2.0915032679739e-03 9.0196078431373e-03 1.8431372549020e-02 1.3071895424837e-03 1.8300653594771e-03 3.4379084967320e-02 1.5686274509804e-03 2.9542483660131e-02 1.4379084967320e-03 4.7058823529412e-03 1.5686274509804e-03 1.4379084967320e-03 1.4379084967320e-03 4.2614379084967e-02 3.3986928104575e-03 5.0980392156863e-03 1.3071895424837e-03 1.6993464052288e-03 1.3071895424837e-03 1.3071895424837e-03 8.2797385620915e-01 
75 1.5037593984962e-03 1.9548872180451e-03 1.5037593984962e-03 1.8045112781955e-03 1.9548872180451e-03 1.5037593984962e-03 2.4060150375940e-03 1.8045112781955e-03 1.5037593984962e-03 1.8045112781955e-03 1.8045112781955e-03 3.0075187969925e-03 4.2105263157895e-03 7.3684210526316e-03 1.6541353383459e-03 1.6541353383459e-03 1.6541353383459e-03 1.8045112781955e-03 2.3984962406015e-01 1.5037593984962e-03 1.8045112781955e-03 1.6541353383459e-03 5.4736842105263e-02 2.9323308270677e-02 6.3022556390977e-01 
76 2.6490066225166e-03 1.5894039735099e-03 2.3841059602649e-03 2.3841059602649e-03 2.5165562913907e-03 1.8543046357616e-03 4.2384105960265e-03 1.7218543046358e-03 1.4569536423841e-03 1.5894039735099e-03 1.4569536423841e-03 1.5615894039735e-01 1.5894039735099e-03 1.5894039735099e-03 3.1788079470199e-03 2.8079470198676e-02 1.9867549668874e-03 1.7218543046358e-03 2.2516556291391e-03 2.9139072847682e-03 8.7417218543046e-03 8.6092715231788e-03 1.1152317880795e-01 1.4039735099338e-02 6.3377483443709e-01 
77 3.0769230769231e-03 4.3076923076923e-03 4.0000000000000e-03 1.0461538461538e-02 4.0000000000000e-03 3.3846153846154e-03 5.8461538461539e-03 6.1538461538462e-03 2.2153846153846e-02 2.4615384615385e-02 5.2307692307692e-03 3.0769230769231e-03 8.0000000000000e-03 3.6923076923077e-03 3.3846153846154e-03 8.9230769230769e-03 1.1138461538462e-01 7.6923076923077e-03 3.6923076923077e-03 5.8461538461539e-03 4.3076923076923e-03 6.0923076923077e-02 3.0769230769231e-03 4.3076923076923e-03 6.7846153846154e-01 
78 1.9138755980861e-03 6.2200956937799e-03 4.7846889952153e-03 4.2105263157895e-03 3.4449760765550e-03 1.3397129186603e-03 2.2966507177034e-03 7.1770334928230e-03 2.0095693779904e-03 2.5454545454545e-02 1.9138755980861e-03 3.6363636363636e-03 8.8038277511962e-03 1.1483253588517e-03 4.7846889952153e-03 3.7320574162679e-02 4.8899521531100e-02 4.8803827751196e-03 2.0095693779904e-03 1.4354066985646e-03 1.4354066985646e-03 1.9138755980861e-03 1.7224880382775e-03 1.8086124401914e-02 8.0315789473684e-01 
