0 2.2524271844660e-02 1.3300970873786e-02 2.8155339805825e-03 6.7961165048544e-03 2.8543689320388e-02 9.9029126213592e-03 3.3495145631068e-02 9.1456310679612e-02 1.0310679611650e-01 6.8805825242718e-01 
1 1.1904761904762e-03 1.1904761904762e-03 1.1904761904762e-03 1.3095238095238e-03 1.4285714285714e-03 1.4821428571429e-01 1.4285714285714e-03 1.3095238095238e-03 1.1904761904762e-03 8.4154761904762e-01 
2 5.3333333333333e-03 1.1533333333333e-01 3.3333333333333e-03 3.6666666666667e-03 3.3333333333333e-03 3.3333333333333e-03 1.4966666666667e-01 4.3333333333333e-03 3.6666666666667e-03 7.0800000000000e-01 
3 1.2416666666667e-01 3.3333333333333e-03 1.8518518518519e-03 2.1296296296296e-03 2.7777777777778e-03 1.3240740740741e-02 1.6666666666667e-03 4.0740740740741e-03 2.3148148148148e-03 8.4444444444444e-01 
4 3.9062500000000e-03 1.8750000000000e-03 2.0312500000000e-03 2.0312500000000e-03 1.8750000000000e-03 1.5625000000000e-03 2.1875000000000e-03 1.8750000000000e-03 1.2187500000000e-01 8.6078125000000e-01 
5 5.6557377049180e-03 1.7213114754098e-03 2.5327868852459e-02 1.2811475409836e-01 1.0901639344262e-02 7.0491803278688e-03 6.6393442622951e-03 1.3934426229508e-03 2.1311475409836e-03 8.1106557377049e-01 
6 1.5315789473684e-01 1.2736842105263e-02 5.3684210526316e-02 3.6842105263158e-03 6.9473684210526e-03 6.1473684210526e-02 7.1578947368421e-03 2.9473684210526e-03 5.2631578947368e-03 6.9294736842105e-01 
7 1.5625000000000e-03 1.8750000000000e-03 1.7187500000000e-03 1.7187500000000e-03 1.7187500000000e-03 2.0312500000000e-03 3.2812500000000e-03 2.3437500000000e-03 1.5468750000000e-02 9.6828125000000e-01 
8 2.9629629629630e-03 3.3055555555556e-02 6.3888888888889e-03 6.0185185185185e-03 1.1314814814815e-01 2.7777777777778e-03 5.9259259259259e-03 4.2592592592593e-03 5.4629629629630e-03 8.2000000000000e-01 
9 9.4339622641509e-04 1.8867924528302e-03 1.2264150943396e-03 1.3207547169811e-03 1.9811320754717e-03 3.4905660377358e-03 9.4339622641509e-04 1.3207547169811e-03 2.0754716981132e-03 9.8481132075472e-01 
10 2.1739130434783e-03 1.3913043478261e-03 1.6521739130435e-03 1.6869565217391e-02 2.6460869565217e-01 6.0000000000000e-03 2.2608695652174e-03 6.6086956521739e-03 8.7826086956522e-03 6.8965217391304e-01 
11 5.1456310679612e-03 2.7184466019418e-03 2.4271844660194e-03 4.8543689320388e-03 2.5145631067961e-02 7.4271844660194e-02 3.2038834951456e-03 6.5048543689320e-03 2.2135922330097e-02 8.5359223300971e-01 
12 1.1650485436893e-02 3.6893203883495e-03 2.4563106796116e-02 1.7475728155340e-03 3.0291262135922e-02 2.0582524271845e-02 3.5922330097087e-03 2.9805825242718e-02 1.7475728155340e-02 8.5660194174757e-01 
13 2.0370370370370e-03 2.0370370370370e-03 1.9629629629630e-02 3.3333333333333e-03 1.1092592592593e-01 1.8518518518519e-03 1.8518518518519e-03 5.1851851851852e-03 6.1481481481482e-02 7.9166666666667e-01 
14 8.8181818181818e-02 1.0000000000000e-03 6.1272727272727e-02 5.5454545454545e-03 5.8181818181818e-03 2.7000000000000e-02 8.7272727272727e-03 4.1818181818182e-03 2.2727272727273e-03 7.9600000000000e-01 
15 2.7083333333333e-03 2.0833333333333e-03 2.0833333333333e-03 4.1666666666667e-03 2.2916666666667e-03 6.4583333333333e-03 2.0833333333333e-03 2.2916666666667e-03 2.2916666666667e-03 9.7354166666667e-01 
16 1.7765957446809e-02 2.8723404255319e-03 1.4893617021277e-03 2.5531914893617e-03 1.7765957446809e-02 1.8936170212766e-02 1.3829787234043e-03 1.2765957446808e-03 1.8085106382979e-03 9.3414893617021e-01 
17 9.6888888888889e-02 2.6666666666667e-03 2.4444444444444e-03 2.4444444444444e-03 2.4444444444444e-03 3.1111111111111e-03 6.8888888888889e-03 2.4444444444444e-03 4.4444444444444e-02 8.3622222222222e-01 
18 4.4642857142857e-03 8.9285714285714e-03 2.7678571428572e-03 9.5535714285714e-03 4.3839285714286e-02 7.5892857142857e-03 3.4821428571429e-03 2.7946428571429e-02 1.1517857142857e-02 8.7991071428571e-01 
19 5.6829268292683e-02 1.5853658536585e-03 2.5609756097561e-03 1.2195121951220e-03 2.3170731707317e-03 2.6829268292683e-03 1.4000000000000e-01 1.3414634146341e-03 1.9743902439024e-01 5.9402439024390e-01 
20 2.2549019607843e-03 3.4803921568627e-02 1.2225490196078e-01 7.2549019607843e-03 7.3529411764706e-03 9.3137254901961e-03 2.8431372549020e-03 9.5392156862745e-02 8.0000000000000e-02 6.3852941176471e-01 
21 7.7192982456140e-03 2.2807017543860e-03 1.9298245614035e-03 4.2105263157895e-03 2.1052631578947e-03 9.4736842105263e-03 2.3543859649123e-01 2.6315789473684e-03 7.0701754385965e-02 6.6350877192982e-01 
22 2.6315789473684e-03 3.6842105263158e-03 8.8421052631579e-02 3.4210526315789e-03 2.8947368421053e-03 2.6315789473684e-03 2.6315789473684e-03 2.8947368421053e-03 2.6315789473684e-03 8.8815789473684e-01 
23 1.7441860465116e-03 1.1627906976744e-03 1.3953488372093e-03 1.2790697674419e-03 1.1627906976744e-03 8.1279069767442e-02 1.2779069767442e-01 1.2790697674419e-03 1.2790697674419e-03 7.8162790697674e-01 
24 4.9549549549550e-03 1.3513513513513e-03 5.4054054054054e-02 2.7027027027027e-03 8.9549549549550e-02 5.5855855855856e-03 2.6216216216216e-02 1.9819819819820e-03 2.7657657657658e-02 7.8594594594595e-01 
25 4.0000000000000e-03 1.4857142857143e-02 3.4285714285714e-03 2.8571428571429e-03 4.0000000000000e-03 9.4857142857143e-02 5.6857142857143e-02 4.5714285714286e-03 2.8571428571429e-03 8.1171428571429e-01 
26 6.0754716981132e-02 1.8009433962264e-01 7.2641509433962e-03 9.3396226415094e-03 2.9339622641509e-02 1.7924528301887e-03 7.6415094339623e-03 1.7924528301887e-03 8.1132075471698e-03 6.9386792452830e-01 
27 3.0303030303030e-03 3.3333333333333e-03 6.0606060606061e-03 3.0303030303030e-03 3.0303030303030e-03 3.2424242424242e-02 3.3333333333333e-03 3.3333333333333e-03 3.0303030303030e-03 9.3939393939394e-01 
28 2.1818181818182e-03 8.1818181818182e-03 3.2727272727273e-03 3.0909090909091e-03 2.4000000000000e-02 3.4545454545455e-03 1.8181818181818e-03 2.1818181818182e-03 3.2727272727273e-03 9.4854545454546e-01 
29 2.8333333333333e-03 1.8666666666667e-02 2.5000000000000e-03 4.5000000000000e-03 4.0000000000000e-03 2.1500000000000e-02 7.5000000000000e-03 5.4833333333333e-02 2.2000000000000e-02 8.6166666666667e-01 
30 4.3243243243243e-03 2.7027027027027e-03 2.9729729729730e-03 2.7027027027027e-03 2.9729729729730e-03 9.4594594594595e-03 2.7027027027027e-03 2.9729729729730e-03 2.7027027027027e-03 9.6648648648649e-01 
31 4.1489361702128e-03 1.8085106382979e-03 4.9255319148936e-02 8.1914893617021e-03 8.6702127659574e-02 2.7234042553191e-02 2.0319148936170e-02 3.1914893617021e-03 4.6808510638298e-03 7.9446808510638e-01 
32 4.0860215053763e-02 2.5806451612903e-03 6.8494623655914e-02 3.6559139784946e-03 4.4516129032258e-02 1.2258064516129e-02 7.9569892473118e-03 6.1290322580645e-03 2.0322580645161e-02 7.9322580645161e-01 
33 4.2857142857143e-03 3.7142857142857e-03 5.1428571428571e-03 3.7142857142857e-03 3.7142857142857e-03 2.0000000000000e-02 1.9057142857143e-01 8.0000000000000e-03 3.7142857142857e-03 7.5714285714286e-01 
34 1.8032786885246e-03 4.5901639344262e-03 3.1147540983607e-03 1.8032786885246e-03 1.8032786885246e-03 8.5573770491803e-02 1.8032786885246e-03 2.2950819672131e-03 2.4590163934426e-03 8.9475409836066e-01 
35 9.5454545454545e-03 3.0681818181818e-03 2.9545454545454e-03 1.6590909090909e-02 9.5454545454545e-03 6.2386363636364e-02 6.5909090909091e-03 4.2045454545455e-03 2.6136363636364e-03 8.8250000000000e-01 
36 1.5217391304348e-03 1.7391304347826e-03 1.3043478260870e-03 1.8478260869565e-03 2.8260869565217e-03 6.9891304347826e-02 2.7173913043478e-03 2.0978260869565e-02 1.5217391304348e-03 8.9565217391304e-01 
37 8.8118811881188e-03 1.5841584158416e-02 3.9603960396040e-03 3.4653465346535e-03 3.1683168316832e-03 4.1782178217822e-02 4.7524752475248e-03 2.4455445544554e-02 1.7821782178218e-03 8.9198019801980e-01 
38 2.9787234042553e-03 2.5531914893617e-03 2.5531914893617e-03 2.5531914893617e-03 5.5319148936170e-03 2.1276595744681e-03 2.5531914893617e-03 2.3404255319149e-03 2.9787234042553e-03 9.7382978723404e-01 
39 5.4945054945055e-03 1.1098901098901e-01 2.0879120879121e-03 2.4175824175824e-03 1.7582417582418e-03 9.7802197802198e-03 1.9780219780220e-03 1.0329670329670e-02 1.1098901098901e-02 8.4406593406593e-01 
40 1.3464566929134e-02 8.2992125984252e-02 5.8267716535433e-03 1.8110236220472e-03 9.4488188976378e-04 1.1811023622047e-03 3.9370078740157e-03 1.0913385826772e-01 5.2834645669291e-02 7.2787401574803e-01 
41 7.2321428571428e-03 1.3839285714286e-02 1.5982142857143e-02 1.1696428571429e-02 2.6785714285714e-03 4.2678571428571e-02 1.2500000000000e-03 1.0982142857143e-02 5.6250000000000e-03 8.8803571428571e-01 
42 4.2857142857143e-03 3.9285714285714e-03 3.5714285714286e-03 4.2500000000000e-02 3.5714285714286e-03 3.9285714285714e-03 3.5714285714286e-03 3.5714285714286e-03 3.5714285714286e-03 9.2750000000000e-01 
43 1.9230769230769e-03 4.1538461538462e-02 1.8182692307692e-01 3.3653846153846e-03 4.4230769230769e-03 4.8076923076923e-03 4.0384615384615e-03 2.0192307692308e-03 4.2788461538462e-02 7.1326923076923e-01 
44 2.2641509433962e-03 2.4528301886792e-03 3.2075471698113e-03 2.0754716981132e-03 2.9433962264151e-02 3.5849056603774e-03 2.4528301886792e-03 1.8867924528302e-03 2.8301886792453e-03 9.4981132075472e-01 
45 4.0404040404040e-03 3.5353535353535e-03 1.4848484848485e-02 4.4444444444444e-03 2.9292929292929e-02 4.8686868686869e-02 6.5656565656566e-03 7.2424242424242e-02 1.7878787878788e-02 7.9828282828283e-01 
46 5.1136363636364e-02 1.8181818181818e-03 4.8863636363636e-03 1.4579545454545e-01 3.5227272727273e-03 1.2500000000000e-03 2.2727272727273e-03 1.8181818181818e-03 2.7272727272727e-03 7.8477272727273e-01 
47 1.5686274509804e-03 1.6803921568627e-01 4.5098039215686e-03 4.3333333333333e-02 4.6078431372549e-03 1.1764705882353e-03 1.2745098039216e-03 3.6960784313725e-02 3.5294117647059e-03 7.3500000000000e-01 
48 4.2105263157895e-03 8.9473684210527e-03 3.4210526315789e-03 2.9473684210526e-02 2.6315789473684e-03 2.8947368421053e-03 3.4210526315789e-03 8.6578947368421e-02 2.6315789473684e-03 8.5578947368421e-01 
49 2.0370370370370e-03 1.8518518518519e-03 2.5925925925926e-03 2.5925925925926e-03 2.5925925925926e-03 2.4074074074074e-03 2.0370370370370e-03 2.0370370370370e-03 1.8518518518519e-03 9.8000000000000e-01 
50 2.4528301886792e-03 4.3396226415094e-03 2.2641509433962e-03 2.2641509433962e-03 2.2641509433962e-03 2.2641509433962e-03 2.2452830188679e-02 2.8301886792453e-03 4.9056603773585e-03 9.5396226415094e-01 
51 2.1311475409836e-03 1.8032786885246e-03 2.2950819672131e-03 2.4590163934426e-03 2.1311475409836e-03 2.4590163934426e-02 1.6557377049180e-02 1.8032786885246e-03 2.1311475409836e-03 9.4409836065574e-01 
52 1.1642105263158e-01 1.2315789473684e-02 4.5263157894737e-02 2.1052631578947e-03 4.9473684210526e-03 5.7894736842105e-03 3.0526315789474e-03 1.7894736842105e-03 8.7368421052632e-03 7.9957894736842e-01 
53 1.0000000000000e-02 3.2233009708738e-02 1.9417475728155e-03 9.6116504854369e-03 4.0873786407767e-02 3.6893203883495e-03 4.9514563106796e-03 1.8446601941748e-03 2.1359223300971e-03 8.9271844660194e-01 
54 2.4313725490196e-02 4.3137254901961e-03 4.2156862745098e-03 5.4901960784314e-03 2.6470588235294e-03 2.8431372549020e-03 1.0784313725490e-03 1.2803921568627e-01 1.6568627450980e-02 8.1049019607843e-01 
55 3.6842105263158e-03 9.6491228070175e-04 8.7719298245614e-04 1.1403508771930e-03 2.9824561403509e-03 1.4912280701754e-03 9.6491228070175e-04 2.2807017543860e-03 1.3157894736842e-03 9.8429824561403e-01 
56 3.7142857142857e-03 1.5142857142857e-02 3.4285714285714e-03 2.8571428571429e-03 2.8571428571429e-03 5.1428571428571e-03 2.8571428571429e-03 2.8571428571429e-03 4.5714285714286e-03 9.5657142857143e-01 
57 3.6036036036036e-03 5.7657657657658e-03 1.3513513513513e-03 1.3513513513513e-03 2.6126126126126e-03 8.1801801801802e-02 3.6936936936937e-03 1.3513513513513e-03 1.5855855855856e-02 8.8261261261261e-01 
58 6.2352941176471e-02 2.1568627450980e-03 6.3627450980392e-02 1.8529411764706e-02 1.7647058823529e-02 6.3725490196078e-03 1.6764705882353e-02 1.4705882352941e-03 3.0980392156863e-02 7.8009803921569e-01 
59 9.1666666666667e-03 9.1666666666667e-03 8.3333333333333e-03 1.2500000000000e-02 1.0000000000000e-02 8.3333333333333e-03 1.0833333333333e-02 9.1666666666667e-03 8.4166666666667e-02 8.3833333333333e-01 
60 1.2222222222222e-02 1.1111111111111e-02 1.3333333333333e-02 1.2222222222222e-02 1.1111111111111e-02 1.1111111111111e-02 1.1111111111111e-02 1.1111111111111e-02 1.1111111111111e-02 8.9555555555556e-01 
61 1.0000000000000e-02 4.6732673267327e-02 8.8118811881188e-03 3.7821782178218e-02 1.0891089108911e-03 1.2673267326733e-02 4.7524752475248e-03 7.6237623762376e-03 3.4653465346535e-03 8.6702970297030e-01 
62 1.5795454545455e-02 3.1704545454545e-02 2.8409090909091e-03 7.2727272727273e-03 1.7045454545455e-03 1.0909090909091e-02 1.2500000000000e-03 2.0454545454545e-03 1.9318181818182e-03 9.2454545454545e-01 
63 1.2427184466019e-02 3.2038834951456e-03 7.0291262135922e-02 7.0873786407767e-03 4.0776699029126e-03 1.6213592233010e-02 1.1747572815534e-02 4.6796116504854e-02 9.4466019417476e-02 7.3368932038835e-01 
64 3.8738738738739e-03 1.0810810810811e-03 1.6216216216216e-03 1.7927927927928e-02 1.4414414414414e-03 4.5945945945946e-03 2.7027027027027e-03 7.9009009009009e-02 7.2072072072072e-03 8.8054054054054e-01 
65 5.8666666666667e-03 3.2000000000000e-03 6.4000000000000e-03 1.1333333333333e-02 1.8800000000000e-02 4.6800000000000e-02 1.8666666666667e-03 2.2266666666667e-02 1.4266666666667e-02 8.6920000000000e-01 
66 2.2857142857143e-03 1.5714285714286e-03 2.0000000000000e-03 5.5714285714286e-03 1.7142857142857e-03 1.4285714285714e-03 2.0571428571429e-02 1.5714285714286e-03 1.4285714285714e-03 9.6185714285714e-01 
67 3.1481481481481e-03 3.7037037037037e-03 5.3518518518519e-02 1.4074074074074e-02 8.4259259259259e-03 7.3148148148148e-03 2.7962962962963e-02 4.6018518518519e-02 4.5000000000000e-02 7.9083333333333e-01 
68 2.3913043478261e-03 2.1739130434783e-03 2.1739130434783e-03 3.0434782608696e-03 2.8260869565217e-03 1.1521739130435e-02 2.8260869565217e-02 1.6652173913043e-01 2.1739130434783e-03 7.7891304347826e-01 
69 2.2222222222222e-03 2.0370370370370e-03 1.8518518518519e-03 2.4074074074074e-03 1.8518518518519e-03 8.8703703703704e-02 2.2222222222222e-03 2.0370370370370e-03 1.8518518518519e-03 8.9481481481481e-01 
70 2.5842696629213e-03 7.4157303370787e-03 2.6966292134831e-03 2.0112359550562e-02 2.4719101123595e-03 6.6292134831461e-03 1.2022471910112e-02 1.1651685393258e-01 1.7977528089888e-03 8.2775280898876e-01 
71 1.9603960396040e-02 4.9504950495050e-03 9.2871287128713e-02 3.4356435643564e-02 5.7425742574257e-03 2.8712871287129e-03 2.8712871287129e-03 2.1584158415842e-02 2.5742574257426e-03 8.1257425742574e-01 
72 1.0357142857143e-02 1.6964285714286e-03 1.4062500000000e-01 5.7142857142857e-03 1.2767857142857e-02 2.5000000000000e-03 1.4285714285714e-03 5.4107142857143e-02 1.9642857142857e-03 7.6883928571429e-01 
73 5.6578947368421e-02 2.8947368421053e-03 3.1578947368421e-03 2.8947368421053e-03 3.9473684210526e-03 2.6315789473684e-03 2.6315789473684e-03 3.1578947368421e-03 2.6315789473684e-03 9.1947368421053e-01 
74 2.0000000000000e-03 1.4666666666667e-03 1.6000000000000e-03 2.4000000000000e-03 1.6000000000000e-03 1.4666666666667e-03 2.4000000000000e-03 1.4666666666667e-03 4.3333333333333e-02 9.4226666666667e-01 
75 1.5384615384615e-03 1.5384615384615e-03 1.5384615384615e-03 1.5384615384615e-03 1.5384615384615e-03 2.3507692307692e-01 4.4923076923077e-02 1.5384615384615e-03 1.8461538461538e-03 7.0892307692308e-01 
76 1.0459459459459e-01 2.1621621621622e-03 1.3513513513514e-03 1.6216216216216e-03 2.0270270270270e-03 1.4864864864865e-03 1.0135135135135e-01 1.6216216216216e-03 2.4594594594595e-02 7.5918918918919e-01 
77 4.5161290322581e-03 3.8709677419355e-03 3.2258064516129e-03 3.8709677419355e-03 3.2258064516129e-03 3.5483870967742e-03 3.8709677419355e-03 2.0000000000000e-02 5.4838709677419e-03 9.4838709677419e-01 
78 6.7961165048544e-02 2.8932038834951e-02 7.5728155339806e-03 1.0776699029126e-02 3.2038834951456e-03 8.0582524271845e-03 2.3300970873786e-03 7.4757281553398e-03 2.5242718446602e-03 8.6116504854369e-01 
79 7.6000000000000e-03 3.0000000000000e-03 1.2600000000000e-02 3.6000000000000e-03 2.8000000000000e-03 2.2000000000000e-03 2.0000000000000e-03 1.0800000000000e-02 1.9480000000000e-01 7.6060000000000e-01 
80 2.7419354838710e-03 2.2580645161290e-03 1.6612903225806e-02 1.7741935483871e-03 1.6129032258064e-03 1.6129032258064e-03 1.9354838709677e-03 3.3870967741935e-03 1.7741935483871e-03 9.6629032258065e-01 
81 6.3000000000000e-03 1.4800000000000e-02 3.5600000000000e-02 4.2000000000000e-03 3.7000000000000e-03 4.0000000000000e-03 7.4000000000000e-03 5.8000000000000e-03 1.0370000000000e-01 8.1450000000000e-01 
82 5.1351351351351e-03 3.5135135135135e-03 4.5945945945946e-03 4.0540540540541e-03 4.8648648648649e-03 2.9729729729730e-03 1.2162162162162e-02 3.2702702702703e-02 3.2432432432432e-03 9.2675675675676e-01 
83 1.5662650602410e-03 1.2048192771084e-03 1.3253012048193e-03 3.0120481927711e-03 3.6144578313253e-03 1.4457831325301e-03 1.3469879518072e-01 1.2048192771084e-03 1.4457831325301e-03 8.5048192771084e-01 
84 3.7083333333333e-02 6.6666666666667e-03 7.0833333333333e-03 4.5833333333333e-03 4.5833333333333e-03 4.5833333333333e-03 9.2083333333333e-02 3.3750000000000e-02 2.5000000000000e-02 7.8458333333333e-01 
85 1.2820512820513e-03 2.0512820512821e-03 1.9230769230769e-03 1.5384615384615e-03 2.5641025641026e-03 2.9615384615385e-02 1.5384615384615e-03 1.5384615384615e-03 1.8564102564103e-01 7.7230769230769e-01 
86 1.5853658536585e-03 1.0341463414634e-01 7.6707317073171e-02 8.3292682926829e-02 2.6829268292683e-03 2.9268292682927e-03 3.2926829268293e-03 1.9146341463415e-02 8.5365853658537e-03 6.9841463414634e-01 
87 3.4285714285714e-02 1.2244897959184e-02 3.7142857142857e-02 1.6326530612245e-03 3.0612244897959e-03 4.2857142857143e-03 6.2755102040816e-02 1.8367346938776e-03 7.1428571428571e-03 8.3561224489796e-01 
88 2.8416666666667e-01 5.0000000000000e-03 5.0000000000000e-03 4.1666666666667e-03 5.0000000000000e-03 4.5833333333333e-03 6.7500000000000e-02 4.1666666666667e-03 1.9166666666667e-02 6.0125000000000e-01 
89 2.1649484536082e-03 3.5051546391753e-02 1.5463917525773e-03 1.4948453608247e-02 3.7113402061856e-03 3.5979381443299e-02 5.8041237113402e-02 1.3195876288660e-02 1.5463917525773e-02 8.1989690721650e-01 
90 2.4137931034483e-03 3.9655172413793e-03 2.4137931034483e-03 1.8965517241379e-03 2.7586206896552e-03 1.8965517241379e-03 2.6637931034483e-01 1.8965517241379e-03 2.5862068965517e-03 7.1379310344828e-01 
91 2.0347826086957e-02 1.2043478260870e-01 4.7826086956522e-03 2.5217391304348e-03 1.7391304347826e-03 4.0000000000000e-03 2.6869565217391e-02 5.4869565217391e-02 8.7826086956522e-03 7.5565217391304e-01 
92 3.7209302325581e-03 2.5581395348837e-03 4.8837209302326e-03 3.0232558139535e-03 2.7906976744186e-03 2.5581395348837e-03 6.0465116279070e-03 3.0232558139535e-03 1.1348837209302e-01 8.5790697674419e-01 
93 2.5925925925926e-03 1.8518518518519e-03 2.0370370370370e-03 3.8888888888889e-03 4.8148148148148e-03 1.8518518518519e-03 5.0000000000000e-03 1.4074074074074e-02 2.2222222222222e-03 9.6166666666667e-01 
94 2.7272727272727e-03 2.0000000000000e-03 1.8181818181818e-03 1.8181818181818e-03 1.8181818181818e-03 2.9090909090909e-03 3.2727272727273e-03 1.7363636363636e-01 2.0000000000000e-03 8.0800000000000e-01 
95 2.1505376344086e-03 1.0537634408602e-02 5.4838709677419e-03 4.9462365591398e-03 5.4838709677419e-03 4.4623655913979e-02 5.6989247311828e-03 1.3978494623656e-03 9.4623655913979e-03 9.1021505376344e-01 
96 1.7647058823529e-03 7.3109243697479e-03 3.0756302521008e-02 3.5630252100840e-02 2.7983193277311e-02 7.6470588235294e-03 1.1260504201681e-02 2.8067226890756e-02 1.4621848739496e-02 8.3495798319328e-01 
97 3.7142857142857e-03 6.0000000000000e-03 2.8571428571429e-03 4.0000000000000e-03 2.8571428571429e-03 4.2857142857143e-03 7.7142857142857e-03 3.7142857142857e-03 8.5142857142857e-02 8.7971428571429e-01 
98 4.7619047619048e-03 1.4047619047619e-01 3.1904761904762e-02 2.6190476190476e-03 4.7619047619048e-03 2.3809523809524e-03 1.5000000000000e-02 7.3809523809524e-03 6.9047619047619e-03 7.8380952380952e-01 
99 5.8750000000000e-02 1.1363636363636e-02 3.9772727272727e-03 2.3863636363636e-03 3.9772727272727e-03 1.1477272727273e-02 2.1590909090909e-03 2.2386363636364e-02 1.2988636363636e-01 7.5363636363636e-01 
100 2.6829268292683e-03 2.4390243902439e-03 2.4390243902439e-03 9.7560975609756e-03 2.6829268292683e-03 2.9268292682927e-03 2.4390243902439e-03 2.6829268292683e-03 2.4390243902439e-03 9.6951219512195e-01 
101 1.6949152542373e-03 1.3796610169492e-01 1.6949152542373e-03 2.2033898305085e-03 2.3728813559322e-03 2.7118644067797e-03 6.9491525423729e-03 2.2033898305085e-03 1.6949152542373e-03 8.4050847457627e-01 
102 1.8032786885246e-03 1.6475409836066e-01 2.2950819672131e-03 1.9672131147541e-03 1.8032786885246e-03 2.4590163934426e-03 5.2459016393442e-03 1.8032786885246e-03 2.2950819672131e-03 8.1557377049180e-01 
103 9.7087378640777e-04 1.7475728155340e-03 9.7087378640777e-04 1.2135922330097e-02 9.7087378640777e-04 9.7087378640777e-04 9.7087378640777e-04 1.6504854368932e-03 1.0679611650485e-03 9.7854368932039e-01 
104 4.9107142857143e-03 4.1071428571429e-03 1.8535714285714e-01 2.1428571428571e-03 2.0446428571429e-02 4.5535714285714e-03 7.1428571428571e-03 4.1964285714286e-03 2.0535714285714e-03 7.6508928571429e-01 
105 1.4285714285714e-03 3.9107142857143e-02 2.0535714285714e-03 3.7500000000000e-03 1.7857142857143e-03 6.4732142857143e-02 2.2321428571429e-03 7.8571428571429e-03 1.3392857142857e-03 8.7571428571429e-01 
106 9.8421052631579e-02 3.1578947368421e-03 2.8947368421053e-03 3.1578947368421e-03 2.6315789473684e-03 2.6315789473684e-03 1.1657894736842e-01 8.1578947368421e-03 3.6842105263158e-03 7.5868421052632e-01 
107 3.2258064516129e-03 3.2258064516129e-03 3.2258064516129e-03 4.1935483870968e-03 3.2258064516129e-03 3.2258064516129e-03 3.2258064516129e-03 4.1935483870968e-03 3.2258064516129e-03 9.6903225806451e-01 
108 1.0366336633663e-01 3.5049504950495e-02 1.6831683168317e-03 1.0099009900990e-02 6.7326732673267e-03 9.2079207920792e-03 9.9009900990099e-03 7.6237623762376e-03 5.2475247524753e-02 7.6356435643564e-01 
109 3.5897435897436e-03 1.6371794871795e-01 1.0000000000000e-02 7.1666666666667e-02 2.6410256410256e-02 6.4102564102564e-03 1.3205128205128e-02 5.0000000000000e-03 3.7179487179487e-03 6.9628205128205e-01 
110 1.0679611650485e-03 1.3592233009709e-03 1.0310679611650e-01 1.4563106796117e-03 1.1650485436893e-03 9.7087378640777e-04 1.5533980582524e-03 9.7087378640777e-04 6.3106796116505e-03 8.8203883495146e-01 
111 3.9361702127660e-03 3.0851063829787e-03 2.5531914893617e-03 5.7765957446808e-02 5.4255319148936e-03 4.2553191489362e-03 5.0000000000000e-03 3.5212765957447e-02 1.8085106382979e-03 8.8095744680851e-01 
112 8.2242990654206e-03 1.3084112149533e-03 1.2205607476636e-01 2.5233644859813e-03 4.7663551401869e-03 5.3271028037383e-03 3.9252336448598e-03 1.8691588785047e-03 1.7757009345794e-03 8.4822429906542e-01 
113 2.2000000000000e-03 2.6000000000000e-03 3.2000000000000e-03 1.3060000000000e-01 3.4000000000000e-03 2.6000000000000e-03 9.6000000000000e-03 5.0000000000000e-03 3.0000000000000e-03 8.3780000000000e-01 
114 9.1489361702128e-03 9.0425531914894e-02 2.3510638297872e-02 1.2765957446808e-03 3.5106382978723e-03 1.2978723404255e-02 1.0851063829787e-02 5.1063829787234e-03 1.6170212765957e-02 8.2702127659575e-01 
115 3.3333333333333e-03 3.3333333333333e-03 2.7777777777778e-03 3.3333333333333e-03 3.0555555555556e-03 5.0000000000000e-03 3.2500000000000e-02 3.0555555555556e-03 3.0555555555556e-03 9.4055555555555e-01 
116 1.1363636363636e-03 1.3636363636364e-03 1.2500000000000e-03 9.5795454545455e-02 1.5909090909091e-03 3.1818181818182e-02 1.2500000000000e-03 1.3636363636364e-03 1.1363636363636e-03 8.6329545454545e-01 
117 2.4390243902439e-03 2.9268292682927e-03 3.1707317073171e-03 2.9268292682927e-03 2.6829268292683e-03 3.9024390243902e-03 2.1390243902439e-01 4.6341463414634e-03 3.5365853658537e-02 7.2804878048781e-01 
118 1.0563380281690e-03 1.1971830985916e-03 2.0422535211268e-03 1.1971830985916e-03 8.4507042253521e-04 2.9577464788732e-03 1.4788732394366e-03 2.3542253521127e-01 8.4507042253521e-04 7.5295774647887e-01 
119 2.5416666666667e-02 3.3333333333333e-03 8.7500000000000e-03 4.4062500000000e-02 2.8125000000000e-03 3.2291666666667e-02 3.0208333333333e-03 1.5312500000000e-02 4.4791666666667e-03 8.6052083333333e-01 
120 3.5789473684211e-03 8.0000000000000e-03 5.3684210526316e-03 3.8947368421053e-03 2.3052631578947e-02 9.5789473684210e-03 4.5263157894737e-03 4.6315789473684e-03 2.1684210526316e-02 9.1568421052632e-01 
121 4.2156862745098e-03 2.0588235294118e-03 3.9215686274510e-03 1.3725490196078e-03 9.9019607843137e-03 1.5882352941176e-02 1.2745098039216e-03 7.9705882352941e-02 1.6666666666667e-03 8.8000000000000e-01 
122 2.2727272727273e-03 2.7272727272727e-03 2.5000000000000e-03 2.7272727272727e-03 2.2727272727273e-03 2.2727272727273e-03 6.5227272727273e-02 2.5000000000000e-03 2.2727272727273e-03 9.1522727272727e-01 
123 2.3214285714286e-03 1.9642857142857e-03 1.9642857142857e-03 2.1428571428571e-03 1.7857142857143e-03 1.9642857142857e-03 1.7857142857143e-03 1.9642857142857e-03 1.7857142857143e-03 9.8232142857143e-01 
124 5.9793814432990e-03 1.7525773195876e-03 2.1649484536082e-03 2.1649484536082e-03 1.4432989690722e-03 8.1134020618557e-02 3.2989690721649e-03 1.7628865979381e-02 3.1958762886598e-03 8.8123711340206e-01 
125 3.9361702127660e-03 1.2765957446808e-03 3.6170212765957e-03 1.3436170212766e-01 1.0638297872340e-03 1.1276595744681e-02 2.3404255319149e-03 2.8936170212766e-02 1.7021276595745e-03 8.1148936170213e-01 
126 2.3529411764706e-03 2.1568627450980e-03 2.1568627450980e-03 2.7450980392157e-03 2.1568627450980e-03 3.5294117647059e-03 6.2745098039216e-02 1.9607843137255e-03 2.1568627450980e-03 9.1803921568627e-01 
127 5.0769230769231e-03 1.3076923076923e-03 5.0076923076923e-02 1.5230769230769e-02 3.0769230769231e-03 4.4230769230769e-02 5.4538461538462e-02 1.2923076923077e-02 3.3769230769231e-02 7.7976923076923e-01 
128 2.5000000000000e-03 7.5000000000000e-03 4.5454545454545e-03 1.2500000000000e-02 2.2727272727273e-03 2.7272727272727e-03 1.3000000000000e-01 1.7272727272727e-02 2.9545454545455e-03 8.1772727272727e-01 
129 9.3023255813953e-03 3.0232558139535e-03 6.0465116279070e-03 4.4186046511628e-03 2.3255813953488e-02 2.7906976744186e-03 2.3255813953488e-03 7.9069767441861e-03 4.6511627906977e-03 9.3627906976744e-01 
130 5.7142857142857e-03 2.4489795918367e-03 1.0204081632653e-02 2.6530612244898e-03 2.6530612244898e-03 2.8571428571429e-03 8.0816326530612e-02 2.6938775510204e-02 9.3877551020408e-03 8.5632653061225e-01 
131 1.2564102564103e-02 5.3846153846154e-03 3.5897435897436e-03 4.6153846153846e-03 2.5641025641026e-03 3.8461538461538e-03 6.2051282051282e-02 3.8461538461538e-03 2.8205128205128e-03 8.9871794871795e-01 
132 2.4561403508772e-03 1.7543859649123e-03 1.8596491228070e-02 2.8070175438596e-03 2.1052631578947e-03 1.9298245614035e-03 4.3859649122807e-03 2.1052631578947e-03 8.5964912280702e-03 9.5526315789474e-01 
133 3.3333333333333e-03 4.1666666666667e-03 2.0833333333333e-03 5.4166666666667e-03 2.0833333333333e-03 1.0208333333333e-02 4.4375000000000e-02 3.1250000000000e-03 2.0833333333333e-03 9.2312500000000e-01 
134 2.2222222222222e-03 1.5873015873016e-03 2.3809523809524e-03 9.0476190476191e-03 1.7460317460317e-03 3.9682539682540e-03 1.3904761904762e-01 1.7460317460317e-03 1.5873015873016e-03 8.3666666666667e-01 
135 2.5454545454545e-03 1.8181818181818e-03 2.0909090909091e-03 2.7272727272727e-03 4.2363636363636e-02 5.1181818181818e-02 1.1818181818182e-03 2.0000000000000e-03 3.0909090909091e-03 8.9100000000000e-01 
136 3.0000000000000e-03 2.5000000000000e-03 2.5000000000000e-03 2.5000000000000e-03 2.5000000000000e-03 2.5000000000000e-03 2.5000000000000e-03 2.5000000000000e-03 2.5000000000000e-03 9.7700000000000e-01 
137 2.5242718446602e-03 2.4271844660194e-03 1.5631067961165e-02 3.6893203883495e-03 6.7087378640777e-02 1.0679611650485e-01 2.7184466019418e-03 2.1359223300971e-03 1.1553398058252e-02 7.8543689320388e-01 
138 1.8518518518519e-03 2.2222222222222e-03 1.3580246913580e-03 1.7283950617284e-03 1.1185185185185e-01 1.1172839506173e-01 1.9753086419753e-03 2.4691358024691e-03 2.3456790123457e-03 7.6246913580247e-01 
139 2.5000000000000e-03 2.2916666666667e-03 2.5000000000000e-03 2.5000000000000e-03 2.7083333333333e-03 8.3333333333333e-03 2.4770833333333e-01 2.2916666666667e-03 2.0833333333333e-03 7.2708333333333e-01 
140 5.9775280898876e-02 2.7191011235955e-02 1.3146067415730e-02 2.8539325842697e-02 3.0337078651685e-03 5.6179775280899e-03 8.2022471910113e-03 2.0224719101124e-03 6.9438202247191e-02 7.8303370786517e-01 
141 1.4021739130435e-02 2.5000000000000e-03 2.8260869565217e-03 1.8152173913043e-02 1.4673913043478e-02 5.4347826086956e-03 2.1630434782609e-02 1.1413043478261e-02 1.3260869565217e-02 8.9608695652174e-01 
142 1.4084507042254e-03 2.2535211267606e-03 1.5492957746479e-03 1.5492957746479e-03 1.8169014084507e-02 1.5492957746479e-03 1.6901408450704e-03 1.6901408450704e-03 1.5492957746479e-03 9.6859154929578e-01 
143 9.5495495495496e-03 4.0810810810811e-02 1.1351351351351e-02 5.9459459459459e-03 2.3423423423423e-03 3.4594594594595e-02 3.2702702702703e-02 4.1441441441441e-03 2.9729729729730e-03 8.5558558558559e-01 
144 1.3736263736264e-02 3.2967032967033e-03 2.3516483516484e-02 8.2417582417582e-03 5.4725274725275e-02 3.7362637362637e-03 8.9010989010989e-03 3.2967032967033e-03 1.4615384615385e-02 8.6593406593407e-01 
145 3.1557377049180e-02 4.2131147540984e-02 1.2303278688525e-01 1.7377049180328e-02 1.0245901639344e-02 8.3606557377049e-03 9.0163934426230e-03 2.4590163934426e-03 2.9180327868852e-02 7.2663934426229e-01 
146 1.4133333333333e-02 4.4000000000000e-03 1.1200000000000e-02 1.1600000000000e-02 7.1333333333333e-02 7.4666666666667e-03 7.3333333333333e-03 2.2666666666667e-03 8.9466666666667e-02 7.8080000000000e-01 
147 4.0000000000000e-03 1.0800000000000e-01 3.6666666666667e-03 3.6666666666667e-03 3.3333333333333e-03 3.6666666666667e-03 3.3333333333333e-03 8.3333333333333e-03 3.3333333333333e-03 8.5866666666667e-01 
148 3.1372549019608e-03 1.0852941176471e-01 1.3137254901961e-02 1.1176470588235e-02 3.0392156862745e-03 4.7058823529412e-03 1.8627450980392e-02 8.3333333333333e-03 1.9607843137255e-03 8.2735294117647e-01 
149 1.4563106796117e-03 2.2330097087379e-03 1.9417475728155e-03 3.6893203883495e-03 3.4951456310680e-03 1.9417475728155e-03 1.7475728155340e-03 9.6407766990291e-02 1.3495145631068e-02 8.7359223300971e-01 
150 3.1948051948052e-02 3.6363636363636e-03 2.5974025974026e-03 5.5714285714286e-02 7.7922077922078e-03 2.4805194805195e-02 1.3246753246753e-02 7.2727272727273e-03 1.2857142857143e-02 8.4012987012987e-01 
151 1.3750000000000e-02 7.5000000000000e-03 7.5000000000000e-03 6.2500000000000e-03 7.5000000000000e-03 9.3750000000000e-03 3.0500000000000e-01 6.2500000000000e-03 4.0625000000000e-02 5.9625000000000e-01 
152 1.8271604938272e-02 1.7283950617284e-03 1.3580246913580e-03 2.5925925925926e-03 1.3580246913580e-03 1.8518518518519e-03 4.6938271604938e-01 1.8518518518519e-03 6.7530864197531e-02 4.3407407407407e-01 
153 6.9105691056911e-03 1.0560975609756e-01 3.4959349593496e-03 4.4715447154472e-03 3.4959349593496e-03 1.7073170731707e-02 4.3902439024390e-03 2.5203252032520e-03 5.7560975609756e-02 7.9447154471545e-01 
154 1.7346938775510e-03 2.7551020408163e-03 2.6530612244898e-03 1.2142857142857e-02 5.6632653061224e-02 6.3265306122449e-03 8.3673469387755e-03 2.4897959183673e-02 2.2040816326531e-02 8.6244897959184e-01 
155 1.5942028985507e-03 1.4492753623188e-03 1.5942028985507e-03 2.0289855072464e-03 2.3188405797101e-03 1.4492753623188e-03 1.4492753623188e-03 1.4492753623188e-03 1.5942028985507e-03 9.8507246376812e-01 
156 5.7142857142857e-03 5.2380952380952e-03 4.7619047619048e-03 4.7619047619048e-03 5.7142857142857e-03 4.7619047619048e-03 6.1904761904762e-03 4.7619047619048e-03 5.2380952380952e-03 9.5285714285714e-01 
157 2.8421052631579e-03 6.3263157894737e-02 1.4000000000000e-02 4.0000000000000e-02 1.5789473684210e-03 1.5789473684210e-03 3.2631578947369e-03 4.0000000000000e-03 3.5789473684211e-02 8.3368421052632e-01 
158 3.6600000000000e-02 6.5000000000000e-03 3.9000000000000e-03 2.1000000000000e-03 1.8900000000000e-02 2.2800000000000e-02 1.5700000000000e-02 2.2000000000000e-03 4.9000000000000e-03 8.8640000000000e-01 
159 1.8867924528302e-03 2.2641509433962e-03 2.2641509433962e-03 2.4528301886792e-03 3.3962264150943e-03 1.3584905660377e-02 1.8867924528302e-03 2.4528301886792e-03 2.0754716981132e-03 9.6773584905660e-01 
160 4.9532710280374e-03 1.2149532710280e-03 6.9158878504673e-02 3.3925233644860e-02 2.9906542056075e-03 5.9813084112149e-03 1.4018691588785e-03 3.8317757009346e-03 5.3925233644860e-02 8.2261682242991e-01 
161 4.5794392523364e-03 1.9626168224299e-03 2.2990654205607e-02 3.6448598130841e-03 2.1411214953271e-01 1.2710280373832e-02 1.5887850467290e-03 1.0934579439252e-02 1.4570093457944e-01 5.8177570093458e-01 
162 9.5689655172414e-03 1.3112068965517e-01 3.4482758620690e-03 1.2413793103448e-02 1.3793103448276e-03 1.3793103448276e-03 1.1206896551724e-03 4.4310344827586e-02 1.2500000000000e-02 7.8275862068966e-01 
163 4.5217391304348e-03 8.0869565217392e-03 4.0869565217391e-03 4.2608695652174e-03 1.6521739130435e-03 1.3478260869565e-02 1.2173913043478e-03 7.3913043478261e-02 8.3565217391304e-02 8.0521739130435e-01 
164 4.0625000000000e-03 3.1250000000000e-03 3.4375000000000e-03 4.3750000000000e-03 3.1250000000000e-03 3.1250000000000e-03 3.4375000000000e-03 1.5000000000000e-02 3.1250000000000e-03 9.5718750000000e-01 
165 1.5189873417722e-03 1.1012658227848e-02 1.5189873417722e-03 2.5316455696203e-03 3.2151898734177e-02 1.2658227848101e-03 1.5189873417722e-03 1.9240506329114e-02 1.3253164556962e-01 7.9670886075949e-01 
166 2.9915254237288e-02 4.6610169491526e-03 1.1542372881356e-01 2.0338983050847e-02 1.4237288135593e-02 2.0338983050847e-03 6.6101694915254e-03 2.8813559322034e-03 6.4576271186441e-02 7.3932203389831e-01 
167 1.7812500000000e-02 1.5625000000000e-03 2.0312500000000e-03 1.7187500000000e-03 1.8750000000000e-03 1.5625000000000e-03 1.5625000000000e-03 2.0312500000000e-03 1.7187500000000e-03 9.6812500000000e-01 
168 7.4766355140187e-03 1.3084112149533e-03 2.3364485981308e-03 5.1401869158878e-03 1.0841121495327e-02 6.8878504672897e-02 3.1775700934580e-03 3.6448598130841e-03 1.4953271028037e-03 8.9570093457944e-01 
169 2.0000000000000e-02 2.9824561403509e-03 2.2807017543860e-03 3.5263157894737e-02 2.8070175438596e-03 1.7543859649123e-03 8.9473684210526e-03 4.2105263157895e-03 2.1052631578947e-03 9.1964912280702e-01 
170 2.2000000000000e-03 6.0000000000000e-03 2.2000000000000e-03 2.8000000000000e-03 4.4000000000000e-03 2.6000000000000e-03 2.0000000000000e-03 6.2200000000000e-02 2.6000000000000e-03 9.1300000000000e-01 
171 4.0625000000000e-02 2.9166666666667e-03 2.5000000000000e-03 2.2916666666667e-03 9.5833333333333e-03 3.1250000000000e-03 4.6229166666667e-01 1.2500000000000e-02 3.2083333333333e-02 4.3208333333333e-01 
172 8.0333333333333e-01 8.1481481481481e-03 1.7037037037037e-02 2.0370370370370e-02 1.0370370370370e-02 2.8148148148148e-02 5.7037037037037e-02 2.7777777777778e-02 2.1851851851852e-02 5.9259259259259e-03 
173 2.3636363636364e-03 2.0000000000000e-03 2.3636363636364e-03 7.6363636363636e-03 8.0000000000000e-03 2.0000000000000e-03 3.7818181818182e-02 2.3636363636364e-03 1.8181818181818e-03 9.3363636363637e-01 
174 9.1111111111111e-03 1.3333333333333e-03 1.8888888888889e-03 1.3555555555556e-02 3.6666666666667e-03 1.1366666666667e-01 4.5555555555556e-03 2.6666666666667e-03 1.8888888888889e-03 8.4766666666667e-01 
175 7.5949367088607e-03 1.8987341772152e-03 5.6962025316456e-03 1.0253164556962e-02 1.1670886075949e-01 4.4810126582278e-02 2.9113924050633e-03 4.1772151898734e-03 7.3417721518987e-03 7.9860759493671e-01 
176 1.9642857142857e-03 1.7857142857143e-03 1.9642857142857e-03 1.7857142857143e-03 1.7857142857143e-03 1.2089285714286e-01 1.7857142857143e-03 1.9642857142857e-03 1.7857142857143e-03 8.6428571428571e-01 
177 1.9402985074627e-03 1.4925373134328e-03 2.2388059701493e-03 8.2089552238806e-03 2.0895522388060e-03 1.7910447761194e-03 1.6417910447761e-03 1.4925373134328e-03 2.2388059701493e-03 9.7686567164179e-01 
178 1.8691588785047e-03 2.2429906542056e-03 2.5420560747664e-02 5.7009345794392e-03 1.4831775700935e-01 1.7757009345794e-03 3.3644859813084e-03 4.7663551401869e-03 4.6448598130841e-02 7.6009345794392e-01 
179 6.3333333333333e-03 1.4444444444444e-03 7.2222222222222e-03 4.8888888888889e-03 9.4444444444444e-03 6.2222222222222e-03 1.2222222222222e-03 6.2222222222222e-03 2.0000000000000e-03 9.5500000000000e-01 
180 4.8645833333333e-02 2.0833333333333e-03 6.2500000000000e-03 9.2604166666667e-02 4.1666666666667e-03 7.3958333333333e-03 1.1562500000000e-02 3.9583333333333e-03 2.8125000000000e-03 8.2052083333333e-01 
181 2.7777777777778e-03 2.7777777777778e-03 1.6388888888889e-02 3.0555555555556e-03 4.1666666666667e-03 3.6111111111111e-03 6.5555555555556e-02 2.7777777777778e-03 2.7500000000000e-02 8.7138888888889e-01 
182 2.4545454545455e-02 3.3333333333333e-03 3.0303030303030e-03 4.8484848484849e-03 3.0303030303030e-03 3.3333333333333e-03 1.4060606060606e-01 3.0303030303030e-03 3.3333333333333e-03 8.1090909090909e-01 
183 2.4761904761905e-03 3.5238095238095e-03 3.0761904761905e-02 4.9523809523809e-03 1.4476190476190e-02 2.3809523809524e-03 7.1428571428571e-03 9.1428571428571e-03 7.7714285714286e-02 8.4742857142857e-01 
184 5.6036036036036e-02 2.6936936936937e-02 1.8648648648649e-02 3.1351351351351e-02 2.8828828828829e-02 2.2522522522523e-03 4.3153153153153e-02 1.7837837837838e-02 2.6126126126126e-03 7.7234234234234e-01 
185 1.8461538461538e-03 1.8461538461538e-03 2.0000000000000e-03 1.6923076923077e-03 5.8153846153846e-02 2.0000000000000e-03 1.5384615384615e-03 1.6923076923077e-03 2.7692307692308e-03 9.2646153846154e-01 
186 1.3444444444444e-01 4.8611111111111e-02 3.3333333333333e-03 3.4722222222222e-02 3.0555555555556e-03 1.7777777777778e-02 3.0277777777778e-02 7.7777777777778e-03 6.3888888888889e-03 7.1361111111111e-01 
187 1.9230769230769e-03 1.9230769230769e-03 2.5000000000000e-03 1.9230769230769e-03 1.9230769230769e-03 2.5000000000000e-03 2.1153846153846e-03 2.5000000000000e-03 1.9230769230769e-03 9.8076923076923e-01 
188 4.8019801980198e-02 6.7029702970297e-02 8.8811881188119e-02 2.5742574257426e-03 3.3663366336634e-03 1.0198019801980e-02 4.4554455445545e-03 5.7425742574257e-03 6.7821782178218e-02 7.0198019801980e-01 
189 3.1707317073171e-03 4.1463414634146e-03 2.9268292682927e-03 3.1707317073171e-03 3.6585365853659e-03 2.6829268292683e-03 8.3170731707317e-02 1.0487804878049e-02 2.4390243902439e-03 8.8414634146342e-01 
190 2.2315789473684e-02 1.0905263157895e-01 4.2105263157895e-03 4.6315789473684e-03 4.2105263157895e-03 8.2105263157895e-03 1.0000000000000e-02 7.7052631578947e-02 6.2315789473684e-02 6.9800000000000e-01 
191 5.0000000000000e-03 3.5714285714286e-03 3.5714285714286e-03 3.9285714285714e-03 3.9285714285714e-03 4.2857142857143e-03 3.9285714285714e-03 3.5714285714286e-03 3.5714285714286e-03 9.6464285714286e-01 
192 1.8333333333333e-03 2.0000000000000e-03 1.4250000000000e-01 1.8333333333333e-03 1.6666666666667e-03 1.6666666666667e-03 1.6666666666667e-03 1.6666666666667e-03 1.6666666666667e-03 8.4350000000000e-01 
193 2.4615384615385e-03 2.1384615384615e-02 2.3076923076923e-03 7.8923076923077e-02 5.2307692307692e-03 2.1538461538462e-03 1.8461538461538e-03 7.8461538461538e-03 6.7384615384615e-02 8.1046153846154e-01 
194 7.1428571428572e-04 8.3516483516483e-03 7.1428571428572e-04 7.1428571428572e-04 6.5934065934066e-04 5.4945054945055e-04 8.7912087912088e-04 7.1428571428572e-04 6.0439560439561e-04 9.8609890109890e-01 
