0 7.7211538461538e-02 2.0192307692308e-02 3.8461538461538e-03 1.0000000000000e-02 1.9230769230769e-03 1.8269230769231e-03 1.6346153846154e-03 1.6346153846154e-02 9.5192307692307e-03 1.9230769230769e-03 2.2980769230769e-02 2.8846153846154e-03 8.5576923076923e-03 3.0865384615385e-02 4.6153846153846e-03 6.4423076923077e-03 3.9519230769231e-02 5.2788461538462e-02 3.4423076923077e-02 6.5250000000000e-01 
1 1.5294117647059e-03 1.1764705882353e-03 1.7647058823529e-03 1.2941176470588e-03 1.6470588235294e-03 1.2941176470588e-03 1.2941176470588e-03 1.1764705882353e-03 1.2941176470588e-03 1.1764705882353e-03 2.3435294117647e-01 5.6470588235294e-03 1.1764705882353e-03 1.4117647058824e-03 1.2941176470588e-03 1.2941176470588e-03 7.6470588235294e-03 1.1764705882353e-03 1.8823529411765e-03 7.3047058823529e-01 
2 3.5483870967742e-03 3.5483870967742e-03 6.1290322580645e-03 4.8387096774193e-03 3.8709677419355e-03 3.2258064516129e-03 3.5483870967742e-03 3.2258064516129e-03 3.5483870967742e-03 3.5483870967742e-03 3.5483870967742e-03 5.1612903225806e-03 3.5483870967742e-03 3.5483870967742e-03 1.3645161290323e-01 4.1935483870968e-03 2.5483870967742e-02 5.1935483870968e-02 3.5483870967742e-03 7.2354838709677e-01 
3 1.3761467889908e-03 1.0091743119266e-03 3.0275229357798e-03 8.2568807339449e-03 3.1376146788991e-02 1.3761467889908e-03 2.5688073394495e-03 2.7155963302752e-02 6.4128440366972e-02 1.6513761467890e-03 2.2935779816514e-03 2.7522935779816e-03 4.5871559633028e-03 1.7339449541284e-02 3.3944954128440e-03 9.1743119266055e-04 2.1100917431193e-03 4.5871559633028e-03 1.4678899082569e-03 8.1862385321101e-01 
4 2.7692307692308e-03 2.0000000000000e-03 1.8461538461539e-03 2.0000000000000e-03 1.6923076923077e-03 1.8461538461538e-03 2.1538461538462e-03 2.9230769230769e-03 1.5384615384615e-03 2.1538461538462e-03 1.6923076923077e-03 1.5384615384615e-03 2.9076923076923e-01 2.0000000000000e-03 1.6923076923077e-03 1.5384615384615e-03 2.1538461538462e-03 8.0000000000000e-03 1.5384615384615e-03 6.6815384615385e-01 
5 7.5609756097561e-03 1.3008130081301e-03 4.2276422764228e-03 2.9268292682927e-03 2.6016260162602e-03 8.8617886178862e-03 1.1382113821138e-03 1.7073170731707e-03 6.1788617886179e-03 1.3821138211382e-03 9.0731707317073e-02 9.0813008130081e-02 1.9512195121951e-03 5.0406504065041e-03 4.0650406504065e-03 3.8211382113821e-03 1.3008130081301e-03 6.7479674796748e-03 3.1707317073171e-03 7.5447154471545e-01 
6 6.9791666666667e-03 1.9791666666667e-03 6.0416666666667e-02 1.6666666666667e-03 1.2187500000000e-02 5.0937500000000e-02 4.6875000000000e-03 5.3125000000000e-03 7.1875000000000e-03 1.0208333333333e-02 1.4791666666667e-02 5.3125000000000e-03 1.2708333333333e-02 1.9791666666667e-03 9.9583333333333e-02 1.0416666666667e-03 1.5208333333333e-02 2.5000000000000e-03 2.6041666666667e-03 6.8270833333333e-01 
7 2.7692307692308e-03 2.0000000000000e-03 1.5384615384615e-03 1.6923076923077e-03 2.0000000000000e-03 1.6923076923077e-03 1.8461538461538e-03 1.8461538461538e-03 4.9230769230769e-03 1.0169230769231e-01 1.9230769230769e-02 1.6923076923077e-03 4.7692307692308e-03 1.0461538461538e-02 2.3076923076923e-03 2.0000000000000e-03 2.0000000000000e-03 2.4615384615385e-03 1.5384615384615e-03 8.3153846153846e-01 
8 7.1559633027523e-03 2.8990825688073e-02 8.7064220183486e-02 4.9541284403670e-03 4.4036697247707e-03 2.9357798165138e-03 2.2018348623853e-03 1.5596330275229e-03 5.1376146788991e-03 7.9816513761468e-03 4.6788990825688e-03 2.9357798165138e-03 5.9633027522936e-03 8.3486238532110e-03 1.9266055045872e-03 2.1100917431193e-03 2.1284403669725e-02 1.4862385321101e-02 1.6880733944954e-02 7.6862385321101e-01 
9 9.3457943925234e-04 1.3084112149533e-03 1.2149532710280e-03 1.4018691588785e-03 1.8691588785047e-03 1.0280373831776e-03 1.0280373831776e-03 3.1775700934580e-03 1.1214953271028e-03 1.2990654205607e-02 3.7383177570094e-03 2.8317757009346e-02 1.3084112149533e-03 1.4953271028037e-03 1.3084112149533e-03 1.0280373831776e-03 2.2429906542056e-03 2.1495327102804e-03 1.7009345794393e-02 9.1532710280374e-01 
10 2.1293103448276e-01 1.8103448275862e-03 7.5000000000000e-03 2.0689655172414e-03 1.8103448275862e-03 1.4655172413793e-03 1.4663793103448e-01 2.5000000000000e-03 1.5517241379310e-03 2.5862068965517e-03 1.0344827586207e-03 8.5344827586207e-03 1.0344827586207e-03 1.3793103448276e-03 1.7241379310345e-03 1.1206896551724e-03 2.2413793103448e-03 1.2068965517241e-03 7.5000000000000e-03 5.9336206896552e-01 
11 5.0961538461539e-03 4.5288461538462e-02 2.4038461538462e-03 2.9807692307692e-03 1.7307692307692e-03 2.7884615384615e-03 2.4038461538462e-03 3.5576923076923e-03 1.3461538461538e-03 6.0576923076923e-03 3.0769230769231e-03 5.6730769230769e-02 7.0192307692308e-03 3.0480769230769e-02 6.2500000000000e-03 3.4615384615385e-03 4.6153846153846e-03 1.6346153846154e-03 4.3269230769231e-03 8.0875000000000e-01 
12 2.5000000000000e-03 2.4038461538462e-03 6.6923076923077e-02 1.4230769230769e-02 3.9807692307692e-02 4.0384615384616e-03 9.6153846153846e-03 1.2500000000000e-02 2.4038461538462e-03 1.3269230769231e-02 5.1923076923077e-03 2.4038461538462e-03 5.5769230769231e-03 3.7500000000000e-03 5.6730769230769e-03 3.0769230769231e-03 4.7115384615385e-03 4.5192307692308e-03 3.2692307692308e-03 7.9413461538462e-01 
13 2.1818181818182e-03 1.8181818181818e-03 2.1818181818182e-03 2.0000000000000e-03 2.1818181818182e-03 1.8181818181818e-03 1.8181818181818e-03 2.3636363636364e-03 5.7818181818182e-02 2.0000000000000e-03 2.3636363636364e-03 2.2909090909091e-02 2.0000000000000e-03 1.1363636363636e-01 2.0000000000000e-03 1.8000000000000e-02 4.5454545454545e-03 2.1818181818182e-03 2.0000000000000e-03 7.5418181818182e-01 
14 4.3243243243243e-03 1.5225225225225e-02 4.2342342342342e-03 1.1531531531532e-02 2.3423423423423e-03 2.9639639639640e-02 3.6036036036036e-03 2.8828828828829e-03 6.0630630630631e-02 3.3873873873874e-02 1.4414414414414e-03 7.2072072072072e-02 1.7117117117117e-03 5.8558558558558e-03 1.4414414414414e-03 1.4414414414414e-03 1.5945945945946e-02 2.7027027027027e-03 1.8918918918919e-03 7.2720720720721e-01 
15 2.2448979591837e-03 2.0408163265306e-03 2.0408163265306e-03 2.2448979591837e-03 2.0408163265306e-03 2.8571428571429e-03 2.0408163265306e-03 2.0408163265306e-03 2.0408163265306e-03 2.2448979591837e-03 5.0489795918367e-01 3.0612244897959e-03 2.0408163265306e-03 2.2448979591837e-03 1.1224489795918e-02 2.0408163265306e-03 2.0408163265306e-03 2.0408163265306e-03 3.2653061224490e-03 4.4530612244898e-01 
16 5.3684210526316e-03 2.5263157894737e-03 1.2105263157895e-02 6.7368421052632e-03 1.6842105263158e-03 1.1578947368421e-03 8.2105263157895e-03 1.4736842105263e-03 4.2105263157895e-03 1.3684210526316e-03 5.6842105263158e-03 1.5789473684210e-03 5.1578947368421e-03 2.8421052631579e-03 3.2631578947368e-03 8.2105263157895e-03 1.6842105263158e-03 1.7894736842105e-03 1.1578947368421e-02 9.1336842105263e-01 
17 2.3913043478261e-03 2.3913043478261e-03 3.0434782608696e-03 2.1739130434783e-03 2.6086956521739e-03 2.6086956521739e-03 4.3478260869565e-03 1.6086956521739e-02 2.6086956521739e-03 3.2608695652174e-03 3.4782608695652e-03 2.1304347826087e-02 2.2891304347826e-01 2.1739130434783e-03 2.1739130434783e-03 2.6086956521739e-03 2.6086956521739e-03 3.9130434782609e-03 7.3913043478261e-03 6.8391304347826e-01 
18 1.0353982300885e-02 2.4601769911504e-02 2.3008849557522e-03 9.7345132743363e-03 1.2389380530973e-03 8.1415929203540e-03 4.8672566371681e-03 2.3893805309735e-03 2.0353982300885e-03 2.0353982300885e-03 6.5486725663717e-03 3.9911504424779e-02 2.4778761061947e-03 8.8495575221239e-03 4.4247787610619e-03 1.4159292035398e-03 1.3274336283186e-03 6.2831858407080e-03 2.4778761061947e-03 8.5858407079646e-01 
19 1.2048192771084e-03 1.3253012048193e-03 1.8072289156627e-03 1.5662650602410e-03 1.9277108433735e-03 1.2048192771084e-03 6.8313253012048e-02 7.3493975903615e-03 2.2891566265060e-03 1.4457831325301e-03 2.1686746987952e-03 1.1566265060241e-02 9.2289156626506e-02 6.5060240963855e-03 4.0963855421687e-03 1.8072289156627e-03 1.6867469879518e-03 2.2168674698795e-01 1.2048192771084e-03 5.6855421686747e-01 
20 8.2815533980583e-02 2.2330097087379e-03 3.1067961165049e-03 3.8834951456311e-03 2.5242718446602e-03 1.0291262135922e-01 2.3009708737864e-02 1.6990291262136e-02 5.3398058252427e-03 1.7475728155340e-03 2.4271844660194e-03 1.9417475728155e-03 1.4563106796117e-03 1.9417475728155e-03 4.0776699029126e-03 1.4466019417476e-02 5.4757281553398e-02 7.4854368932039e-02 1.8446601941748e-03 5.9766990291262e-01 
21 2.4137931034483e-03 3.9655172413793e-03 2.4137931034483e-03 2.5862068965517e-03 2.0689655172414e-03 6.5517241379310e-03 8.4482758620690e-03 2.4137931034483e-03 4.4827586206897e-03 2.7586206896552e-03 1.8965517241379e-03 7.9310344827586e-03 7.4137931034483e-02 2.0689655172414e-03 1.8965517241379e-03 3.8793103448276e-02 5.0000000000000e-03 2.5913793103448e-01 4.1379310344828e-03 5.6689655172414e-01 
22 2.8205128205128e-03 2.5641025641026e-03 2.8205128205128e-03 2.5641025641026e-03 2.5641025641026e-03 3.0769230769231e-03 2.8205128205128e-03 2.8205128205128e-03 8.9743589743590e-03 2.5641025641026e-03 2.8205128205128e-03 6.4102564102564e-03 2.8205128205128e-03 3.8461538461538e-03 3.0769230769231e-03 2.8512820512821e-01 4.1025641025641e-03 2.5641025641026e-03 2.5641025641026e-03 6.5307692307692e-01 
23 1.4942528735632e-03 1.2643678160920e-03 1.1494252873563e-03 1.3793103448276e-03 1.4942528735632e-03 5.9080459770115e-02 2.8735632183908e-03 1.6091954022988e-03 2.4137931034483e-03 1.1494252873563e-03 2.1954022988506e-02 1.2643678160920e-03 1.1494252873563e-03 2.1839080459770e-03 8.8850574712644e-02 4.5977011494253e-03 1.3793103448276e-03 1.2482758620690e-01 1.2643678160920e-03 6.7862068965517e-01 
24 3.8125000000000e-02 5.5357142857143e-03 3.5714285714286e-02 5.7500000000000e-02 8.9017857142857e-02 6.3392857142857e-03 9.2857142857143e-03 1.2500000000000e-03 5.2678571428571e-03 6.9642857142857e-03 6.9642857142857e-03 3.3928571428572e-03 1.3392857142857e-03 1.6964285714286e-03 5.7142857142857e-03 2.2321428571429e-03 1.7857142857143e-03 1.4285714285714e-03 1.1428571428571e-02 7.0901785714286e-01 
25 3.8888888888889e-03 3.3333333333333e-03 2.7777777777778e-03 3.0555555555556e-03 2.7777777777778e-03 3.3333333333333e-03 5.2777777777778e-03 3.0555555555556e-03 4.1666666666667e-03 3.0555555555556e-03 3.3333333333333e-03 2.7777777777778e-03 3.3333333333333e-03 3.6111111111111e-03 2.6388888888889e-01 5.3888888888889e-02 3.0555555555556e-03 4.8611111111111e-02 3.3333333333333e-03 5.7944444444444e-01 
26 1.3084112149533e-03 3.4579439252337e-03 1.9719626168224e-02 3.8317757009346e-03 6.1682242990654e-03 4.5794392523365e-03 4.3831775700935e-02 1.9626168224299e-03 4.3925233644860e-02 2.9719626168224e-02 1.4953271028037e-03 6.2616822429906e-03 5.0373831775701e-02 1.4018691588785e-03 4.2990654205608e-03 2.5233644859813e-03 9.1495327102804e-02 2.3364485981308e-03 1.0280373831776e-03 6.8028037383178e-01 
27 3.2352941176471e-03 3.5294117647059e-03 3.5294117647059e-03 2.9411764705882e-03 3.5294117647059e-03 3.2352941176471e-03 2.9411764705882e-03 3.8235294117647e-03 4.1176470588235e-03 5.8823529411765e-03 2.3676470588235e-01 2.9411764705882e-03 3.5294117647059e-03 3.8235294117647e-03 6.7647058823529e-03 9.7058823529412e-03 2.9411764705882e-03 3.5294117647059e-03 2.9411764705882e-03 6.9029411764706e-01 
28 1.7857142857143e-03 1.9642857142857e-03 6.6071428571429e-03 1.9642857142857e-03 1.9642857142857e-03 2.3214285714286e-03 2.8571428571429e-03 3.0357142857143e-03 2.8571428571429e-03 2.1428571428571e-03 9.5892857142857e-02 7.1250000000000e-02 1.7857142857143e-03 2.3214285714286e-03 1.9642857142857e-03 5.1785714285714e-03 2.3214285714286e-03 1.9642857142857e-03 2.1071428571429e-02 7.6875000000000e-01 
29 1.4918032786885e-02 2.1311475409836e-03 6.2459016393443e-02 1.9672131147541e-03 3.9344262295082e-03 8.5245901639344e-03 6.7213114754098e-03 6.0655737704918e-03 9.0163934426229e-03 1.8032786885246e-03 1.8032786885246e-03 3.7704918032787e-03 2.2950819672131e-03 2.7868852459016e-02 3.7704918032787e-03 1.6065573770492e-02 1.3918032786885e-01 2.2950819672131e-03 2.2950819672131e-03 6.8311475409836e-01 
30 2.8947368421053e-03 2.6315789473684e-03 2.6315789473684e-03 2.8947368421053e-03 3.1578947368421e-03 3.6842105263158e-03 2.8947368421053e-03 2.6315789473684e-03 2.6315789473684e-03 2.8947368421053e-03 8.8684210526316e-02 1.1052631578947e-02 3.1578947368421e-03 3.1578947368421e-03 3.1578947368421e-03 3.4210526315789e-03 2.6315789473684e-03 2.6315789473684e-03 2.9736842105263e-02 8.2342105263158e-01 
31 1.4631578947368e-01 4.1052631578947e-03 3.3789473684211e-02 2.4210526315789e-03 3.4210526315789e-02 6.3157894736842e-03 2.2105263157895e-03 2.2105263157895e-03 2.8421052631579e-03 4.3157894736842e-03 5.4736842105263e-03 1.4105263157895e-02 1.6842105263158e-03 2.7368421052632e-03 3.3684210526316e-03 1.3684210526316e-03 2.2105263157895e-03 1.2631578947368e-03 6.0000000000000e-03 7.2305263157895e-01 
32 2.7659574468085e-03 2.2340425531915e-03 1.0212765957447e-02 1.1382978723404e-02 1.1265957446809e-01 3.0851063829787e-03 2.5531914893617e-03 4.2553191489362e-03 8.3404255319149e-02 1.7127659574468e-02 2.4468085106383e-03 8.5106382978724e-03 1.5957446808511e-03 4.6808510638298e-03 5.2127659574468e-03 9.4680851063830e-03 8.0851063829787e-03 1.8085106382979e-03 5.7446808510638e-03 7.0276595744681e-01 
33 1.2722222222222e-01 3.8888888888889e-03 8.3333333333333e-03 7.5000000000000e-03 3.0555555555556e-03 3.3333333333333e-03 4.7222222222222e-03 3.6111111111111e-03 8.6111111111111e-03 4.4444444444444e-03 2.7777777777778e-03 8.6111111111111e-03 3.3333333333333e-03 4.4444444444444e-03 2.4722222222222e-02 1.5277777777778e-02 5.5555555555556e-03 1.9555555555556e-01 3.8888888888889e-03 5.6111111111111e-01 
34 2.9032258064516e-03 1.9354838709677e-03 2.7419354838710e-03 5.3225806451613e-03 1.6129032258064e-03 1.6129032258064e-03 2.4193548387097e-03 3.0645161290323e-03 1.7741935483871e-03 1.7741935483871e-03 1.9354838709677e-03 1.9354838709677e-03 1.5274193548387e-01 1.6129032258064e-03 1.7967741935484e-01 1.7741935483871e-03 2.2580645161290e-03 1.7741935483871e-03 3.0645161290323e-03 6.2806451612903e-01 
35 3.4831460674157e-03 7.4157303370787e-03 1.9325842696629e-02 4.8314606741573e-03 8.2022471910112e-03 2.6966292134831e-03 2.2471910112360e-03 1.4044943820225e-02 1.5730337078652e-03 2.4719101123596e-03 3.5955056179775e-03 1.7977528089888e-03 6.6292134831461e-03 6.2247191011236e-02 7.9775280898876e-03 1.1460674157303e-02 1.4606741573034e-03 2.1348314606742e-03 4.0449438202247e-03 8.3235955056180e-01 
36 3.2258064516129e-03 1.8279569892473e-03 2.7956989247312e-03 2.4731182795699e-03 1.2903225806452e-03 1.6129032258064e-02 5.5913978494624e-03 3.2258064516129e-03 9.5698924731183e-03 4.7311827956989e-03 2.5376344086022e-02 2.4731182795699e-03 1.0752688172043e-03 4.1935483870968e-03 2.3655913978495e-03 1.2903225806452e-03 1.5053763440860e-03 1.6129032258064e-03 3.3763440860215e-02 8.7548387096774e-01 
37 4.0196078431373e-03 1.4705882352941e-03 2.3529411764706e-03 1.9607843137255e-03 6.0784313725490e-03 2.9411764705882e-03 1.8627450980392e-03 1.9607843137255e-03 7.1568627450980e-03 1.9607843137255e-03 6.3627450980392e-02 1.7647058823529e-03 1.6666666666667e-03 5.5882352941176e-03 2.6470588235294e-03 2.7450980392157e-03 4.2156862745098e-03 6.0784313725490e-03 5.2058823529412e-02 8.2784313725490e-01 
38 4.3750000000000e-03 2.5000000000000e-03 3.1250000000000e-03 2.5000000000000e-03 3.7500000000000e-03 3.1250000000000e-03 5.0000000000000e-03 2.9166666666667e-03 2.0833333333333e-03 2.9166666666667e-03 3.1250000000000e-03 8.9583333333333e-03 2.5000000000000e-03 2.5000000000000e-03 2.2916666666667e-03 4.7916666666667e-03 3.5416666666667e-03 3.7500000000000e-03 4.9791666666667e-02 8.8645833333333e-01 
39 3.3152173913043e-02 1.7391304347826e-03 2.5000000000000e-03 3.5869565217391e-03 2.8260869565217e-02 1.3043478260870e-03 2.8260869565217e-03 5.2173913043478e-03 1.6304347826087e-03 4.2391304347826e-03 1.9565217391304e-03 2.2826086956522e-03 5.8695652173913e-03 5.1086956521739e-03 1.3043478260870e-03 1.6304347826087e-03 9.9456521739130e-02 1.5217391304348e-03 7.7173913043478e-03 7.8869565217391e-01 
40 2.8125000000000e-03 3.1250000000000e-03 1.5625000000000e-03 6.7968750000000e-03 3.2031250000000e-03 5.7031250000000e-03 3.5468750000000e-02 2.6562500000000e-02 1.2265625000000e-02 1.6406250000000e-03 1.3281250000000e-03 1.2812500000000e-02 1.1171875000000e-02 2.8906250000000e-03 2.0468750000000e-02 2.6015625000000e-02 9.4843750000000e-02 4.6875000000000e-03 7.8125000000000e-03 7.1882812500000e-01 
41 1.2389380530973e-03 2.3893805309735e-03 1.3274336283186e-03 1.5044247787611e-03 3.5398230088496e-03 2.6637168141593e-02 1.6814159292035e-03 1.6017699115044e-02 1.3893805309735e-02 2.5663716814159e-03 1.5575221238938e-02 8.4070796460177e-03 9.7345132743363e-04 1.3274336283186e-03 2.7433628318584e-02 1.7699115044248e-03 1.3274336283186e-03 1.3274336283186e-03 3.5221238938053e-02 8.3584070796460e-01 
42 4.4827586206896e-03 3.4482758620690e-03 3.4482758620690e-03 4.8275862068965e-03 3.4482758620690e-03 3.4482758620690e-03 3.4482758620690e-03 3.4482758620690e-03 4.4827586206896e-03 3.4482758620690e-03 4.4827586206896e-03 1.8758620689655e-01 3.4482758620690e-03 4.4827586206896e-03 3.4482758620690e-03 3.7931034482759e-03 3.4482758620690e-03 4.1379310344827e-03 3.4482758620690e-03 7.4379310344828e-01 
43 1.1523809523810e-02 3.2380952380952e-03 2.0952380952381e-03 1.0571428571429e-02 8.0000000000000e-03 1.0800000000000e-01 1.4285714285714e-03 3.0476190476190e-03 3.7142857142857e-03 1.7142857142857e-03 3.2380952380952e-03 1.1333333333333e-02 3.2285714285714e-02 2.0952380952381e-03 6.0000000000000e-03 1.2666666666667e-02 6.7619047619047e-03 2.2857142857143e-03 4.2857142857143e-03 7.6571428571429e-01 
44 2.0370370370370e-03 2.0370370370370e-03 2.4074074074074e-03 2.5925925925926e-03 4.2592592592593e-03 5.7407407407407e-03 2.7777777777778e-03 1.8518518518519e-03 2.5000000000000e-02 1.8518518518519e-03 2.5925925925926e-03 2.4074074074074e-03 2.2222222222222e-03 4.0740740740741e-02 3.8888888888889e-03 2.5925925925926e-03 2.0370370370370e-03 1.8518518518519e-03 2.4074074074074e-03 8.8870370370370e-01 
45 1.5300000000000e-02 3.0000000000000e-03 1.2880000000000e-01 7.0000000000000e-03 4.9000000000000e-03 2.6000000000000e-03 3.6000000000000e-03 3.4000000000000e-03 7.2000000000000e-03 1.6000000000000e-03 3.2600000000000e-02 4.4000000000000e-03 6.0000000000000e-03 6.0000000000000e-03 2.0000000000000e-03 8.5000000000000e-03 4.5400000000000e-02 1.8000000000000e-03 1.0000000000000e-03 7.1490000000000e-01 
46 2.4719101123595e-03 2.0224719101124e-03 2.5842696629213e-03 2.9213483146067e-03 1.6853932584270e-03 2.1123595505618e-02 1.6292134831461e-02 8.6516853932584e-03 2.5842696629213e-03 9.1011235955056e-03 1.5730337078652e-03 1.5707865168539e-01 1.3932584269663e-02 7.7528089887640e-03 3.2584269662921e-03 2.4719101123596e-03 1.5730337078652e-03 1.3483146067416e-03 2.1348314606742e-03 7.3943820224719e-01 
47 7.1844660194175e-03 1.7475728155340e-03 1.8446601941748e-03 1.7475728155340e-03 1.9417475728155e-03 7.0873786407767e-03 2.9708737864078e-02 3.2038834951456e-03 3.0097087378641e-03 2.3009708737864e-02 1.0679611650485e-03 2.7184466019417e-02 5.5339805825243e-03 3.4951456310680e-03 1.4563106796117e-03 1.1067961165049e-02 1.4582524271845e-01 1.3592233009709e-03 4.3689320388350e-03 7.1815533980583e-01 
48 2.8205128205128e-03 2.4358974358974e-02 1.2820512820513e-02 2.8205128205128e-03 2.8205128205128e-03 2.5641025641026e-03 2.8205128205128e-03 3.3333333333333e-03 3.5897435897436e-03 2.8205128205128e-03 1.1256410256410e-01 2.5641025641026e-03 2.5641025641026e-03 2.6410256410256e-02 3.5897435897436e-03 8.4615384615385e-03 6.6666666666667e-03 2.8205128205128e-03 2.8205128205128e-03 7.7076923076923e-01 
49 2.5454545454545e-03 3.2727272727273e-03 2.3636363636364e-03 2.7272727272727e-03 2.1818181818182e-03 2.5454545454545e-03 2.1818181818182e-03 1.8181818181818e-03 2.9090909090909e-03 2.3636363636364e-03 2.7272727272727e-03 1.0909090909091e-02 2.3636363636364e-03 3.0909090909091e-03 2.1818181818182e-03 2.9981818181818e-01 1.8181818181818e-03 2.0000000000000e-03 1.7818181818182e-02 6.3236363636364e-01 
50 2.5925925925926e-03 2.2222222222222e-03 2.5925925925926e-03 2.5925925925926e-03 1.8518518518519e-03 2.2777777777778e-02 2.2222222222222e-03 5.1851851851852e-03 2.5925925925926e-03 2.4074074074074e-03 2.5925925925926e-03 2.4074074074074e-03 2.1481481481481e-02 2.4074074074074e-03 2.7777777777778e-03 2.7777777777778e-03 6.4814814814815e-03 1.8888888888889e-02 2.4074074074074e-03 8.9074074074074e-01 
51 1.7741935483871e-03 2.2580645161290e-03 1.6129032258064e-03 1.9354838709677e-03 2.2580645161290e-03 5.8064516129032e-03 2.0967741935484e-03 2.2580645161290e-03 5.3225806451613e-03 1.6129032258064e-03 4.0322580645161e-03 1.9354838709677e-03 2.7419354838710e-03 1.0580645161290e-01 2.7419354838710e-03 1.7741935483871e-03 1.7741935483871e-03 5.1612903225806e-03 1.9354838709677e-03 8.4516129032258e-01 
52 1.7604166666667e-02 2.9166666666667e-03 4.3750000000000e-03 8.6458333333333e-03 7.7291666666667e-02 1.0520833333333e-02 1.8750000000000e-03 5.8333333333333e-03 2.0937500000000e-02 2.2916666666667e-03 2.2916666666667e-03 3.4375000000000e-03 1.4375000000000e-02 8.2291666666667e-03 7.1875000000000e-03 6.6666666666667e-03 2.3958333333333e-03 7.1875000000000e-03 3.4375000000000e-03 7.9250000000000e-01 
53 4.9134615384615e-02 1.3461538461538e-03 1.3461538461538e-03 2.0192307692308e-03 2.5000000000000e-03 2.4038461538462e-03 2.0192307692308e-03 1.6346153846154e-03 1.0096153846154e-02 2.4038461538462e-02 2.8846153846154e-03 1.8269230769231e-03 1.4423076923077e-03 4.8557692307692e-02 2.0192307692308e-03 3.7500000000000e-03 3.2692307692308e-03 2.2115384615385e-03 2.8846153846154e-03 8.3461538461538e-01 
54 3.2038834951456e-03 3.0097087378641e-03 9.9029126213592e-03 1.9417475728155e-03 1.0097087378641e-02 1.8446601941748e-03 3.6893203883495e-03 4.5145631067961e-02 6.0194174757282e-03 1.1650485436893e-03 4.8543689320388e-03 7.1747572815534e-02 2.1359223300971e-03 2.1359223300971e-03 1.9223300970874e-02 1.0000000000000e-02 7.4757281553398e-03 1.2621359223301e-03 3.3009708737864e-03 7.9184466019417e-01 
55 1.1304347826087e-03 9.5652173913043e-04 4.2695652173913e-02 5.3043478260870e-03 1.1304347826087e-03 1.1304347826087e-03 1.6521739130435e-03 9.5652173913043e-04 1.0434782608696e-03 7.4782608695652e-03 1.3913043478261e-03 1.3043478260870e-03 1.1826086956522e-02 8.2608695652174e-03 1.1304347826087e-03 1.8260869565217e-03 9.5652173913043e-04 9.5652173913043e-04 1.6521739130435e-03 9.0721739130435e-01 
56 3.3333333333333e-03 3.0555555555556e-03 3.6111111111111e-03 3.3333333333333e-03 3.3333333333333e-03 3.0555555555556e-03 3.0555555555556e-03 3.0555555555556e-03 5.0000000000000e-03 3.6944444444445e-02 3.8888888888889e-03 3.0555555555556e-03 4.7222222222222e-03 2.7777777777778e-03 4.7222222222222e-03 3.0555555555556e-03 6.6666666666667e-03 2.7777777777778e-03 2.7777777777778e-03 8.9777777777778e-01 
57 3.1250000000000e-03 2.0535714285714e-02 4.3750000000000e-03 8.3928571428571e-03 2.9464285714286e-03 4.1071428571429e-03 1.9464285714286e-02 7.7678571428571e-03 5.0000000000000e-03 2.2321428571429e-03 8.8392857142857e-03 3.2142857142857e-03 1.0892857142857e-02 1.6607142857143e-02 6.6071428571429e-03 8.3035714285714e-03 3.2142857142857e-03 3.5714285714286e-03 5.7142857142857e-03 8.5508928571429e-01 
58 1.6893203883495e-02 2.4271844660194e-03 1.2368932038835e-01 1.9417475728155e-03 6.3106796116505e-03 8.4466019417476e-03 4.1747572815534e-03 5.2427184466020e-03 1.3689320388350e-02 2.1359223300971e-03 1.8446601941748e-03 3.0097087378641e-03 6.4757281553398e-02 3.9805825242719e-03 3.4951456310680e-03 1.2621359223301e-03 4.4660194174757e-03 3.4951456310680e-03 7.2815533980583e-03 7.2145631067961e-01 
59 2.2307692307692e-02 8.4615384615385e-03 1.0769230769231e-02 8.4615384615385e-03 8.4615384615385e-03 8.4615384615385e-03 9.2307692307692e-03 9.2307692307692e-03 8.4615384615385e-03 7.6923076923077e-03 8.4615384615385e-03 8.4615384615385e-03 1.0615384615385e-01 8.4615384615385e-03 1.2307692307692e-02 7.6923076923077e-03 9.2307692307692e-03 8.4615384615385e-03 8.4615384615385e-03 7.2076923076923e-01 
60 1.1000000000000e-02 1.1000000000000e-02 1.0000000000000e-02 1.1000000000000e-02 1.0000000000000e-02 1.0000000000000e-02 1.0000000000000e-02 1.0000000000000e-02 1.0000000000000e-02 1.0000000000000e-02 1.0000000000000e-02 1.0000000000000e-02 1.0000000000000e-02 1.0000000000000e-02 1.0000000000000e-02 1.1000000000000e-02 1.0000000000000e-02 1.1000000000000e-02 1.0000000000000e-02 8.0500000000000e-01 
61 1.3725490196078e-03 4.4117647058823e-03 1.8627450980392e-03 1.5294117647059e-02 4.2156862745098e-03 1.7647058823529e-03 1.0098039215686e-02 1.7647058823529e-03 4.2156862745098e-03 1.2352941176471e-02 2.2549019607843e-03 4.6078431372549e-03 6.3725490196078e-03 4.6078431372549e-03 3.4313725490196e-03 6.1764705882353e-03 4.6568627450980e-02 4.7058823529412e-03 2.2058823529412e-02 8.4186274509804e-01 
62 2.6966292134831e-03 1.5730337078652e-03 4.2696629213483e-03 2.3595505617978e-03 1.2359550561798e-03 6.9662921348315e-03 3.0337078651685e-03 3.3707865168539e-03 5.8426966292135e-03 4.3932584269663e-02 3.7078651685393e-03 1.5730337078652e-03 1.7191011235955e-02 7.7528089887641e-03 1.6853932584270e-03 1.9101123595506e-03 2.0224719101124e-03 2.4719101123596e-03 2.4719101123596e-02 8.6168539325843e-01 
63 4.3461538461538e-02 8.0769230769231e-03 4.3653846153846e-02 1.6346153846154e-03 2.0192307692308e-03 4.9038461538462e-03 1.4134615384615e-02 5.0384615384615e-02 2.8750000000000e-02 9.3269230769231e-03 6.4423076923077e-03 2.8846153846154e-03 2.2115384615385e-03 3.3653846153846e-03 6.3461538461539e-03 5.6826923076923e-02 1.4903846153846e-02 5.2884615384615e-03 3.3653846153846e-03 6.9201923076923e-01 
64 5.3035714285714e-02 4.8214285714286e-03 7.5892857142857e-03 1.5178571428571e-03 1.6964285714286e-03 6.1607142857143e-03 6.4285714285714e-03 5.0892857142857e-03 3.4821428571429e-03 1.3303571428571e-02 2.2321428571429e-03 2.5000000000000e-03 5.0892857142857e-03 3.9553571428571e-02 9.3750000000000e-03 2.5000000000000e-03 1.6964285714286e-03 4.4642857142857e-03 1.2500000000000e-03 8.2821428571429e-01 
65 3.4605263157895e-02 4.2105263157895e-03 1.9078947368421e-02 2.8947368421053e-03 4.7368421052632e-03 8.5526315789474e-03 7.8947368421053e-03 1.0394736842105e-02 2.5000000000000e-03 3.4210526315789e-03 3.0263157894737e-03 2.5000000000000e-03 3.8157894736842e-03 1.1315789473684e-02 1.0263157894737e-02 3.2894736842105e-02 5.9210526315790e-03 2.1052631578947e-03 2.3684210526316e-03 8.2750000000000e-01 
66 2.1126760563380e-03 2.3943661971831e-03 3.9436619718310e-03 4.7887323943662e-03 1.9718309859155e-03 2.2535211267606e-03 2.8169014084507e-03 4.9154929577465e-02 1.8309859154930e-03 1.5492957746479e-03 1.4084507042254e-03 1.5492957746479e-03 5.2112676056338e-03 3.6619718309859e-03 1.6901408450704e-03 1.6901408450704e-03 1.4084507042254e-03 1.0140845070423e-02 1.9718309859155e-03 8.9845070422535e-01 
67 1.7798165137615e-02 1.1834862385321e-02 1.1743119266055e-02 4.4036697247706e-03 2.1100917431193e-03 4.7706422018349e-03 1.0000000000000e-02 4.3119266055046e-03 1.1211009174312e-01 2.1100917431193e-03 2.2018348623853e-03 2.2018348623853e-03 1.1284403669725e-02 7.5229357798165e-03 3.2110091743119e-03 8.5321100917431e-03 1.3761467889908e-03 1.5596330275229e-03 1.2844036697248e-03 7.7963302752294e-01 
68 4.6808510638298e-03 3.1914893617021e-03 2.3404255319149e-03 1.5489361702128e-01 3.1914893617021e-03 7.5531914893617e-02 2.5531914893617e-03 4.2553191489362e-03 2.1276595744681e-03 2.7659574468085e-03 2.3404255319149e-03 3.6170212765957e-03 2.5531914893617e-03 3.6170212765957e-03 5.3191489361702e-03 2.3404255319149e-03 2.1276595744681e-03 4.8936170212766e-02 2.3404255319149e-03 6.7127659574468e-01 
69 2.3636363636364e-03 1.8181818181818e-03 2.1818181818182e-03 2.0000000000000e-03 1.8181818181818e-03 1.8181818181818e-03 1.8181818181818e-03 2.0000000000000e-03 5.4545454545455e-03 2.0000000000000e-03 1.0563636363636e-01 2.1818181818182e-03 2.3636363636364e-03 2.3945454545455e-01 1.8181818181818e-03 1.8181818181818e-03 2.0000000000000e-03 2.9090909090909e-03 2.0000000000000e-03 6.1654545454545e-01 
70 3.5555555555556e-03 4.1111111111111e-03 1.8888888888889e-03 1.6666666666667e-03 1.7777777777778e-03 2.4444444444444e-03 2.1111111111111e-03 7.1000000000000e-02 7.2222222222222e-03 8.7777777777778e-03 3.4444444444444e-03 1.7777777777778e-03 3.1111111111111e-03 6.5555555555556e-03 1.6666666666667e-03 6.6666666666667e-03 3.8888888888889e-02 9.0000000000000e-03 8.0000000000000e-03 8.1633333333333e-01 
71 2.6470588235294e-03 4.6078431372549e-03 4.1176470588235e-03 2.1568627450980e-03 1.1568627450980e-02 9.4411764705882e-02 2.6470588235294e-03 5.0000000000000e-03 2.5490196078431e-03 4.9019607843137e-03 7.3529411764706e-03 3.4313725490196e-03 2.8431372549020e-03 2.1568627450980e-03 3.3333333333333e-03 2.2549019607843e-03 1.4705882352941e-03 2.2058823529412e-02 5.2156862745098e-02 7.6833333333333e-01 
72 1.6548672566372e-02 1.3477876106195e-01 3.2743362831858e-03 2.0000000000000e-02 1.3805309734513e-02 2.4778761061947e-03 8.5840707964602e-03 3.5398230088496e-03 3.8849557522124e-02 1.1504424778761e-03 2.4778761061947e-03 1.1504424778761e-03 3.8938053097345e-03 6.6371681415929e-03 2.0353982300885e-03 1.6902654867257e-02 2.1238938053097e-03 2.4778761061947e-03 1.3274336283186e-03 7.1796460176991e-01 
73 3.3333333333333e-03 3.3333333333333e-03 3.0769230769231e-03 3.3333333333333e-03 3.0769230769231e-03 4.1025641025641e-03 5.9743589743590e-02 3.8461538461538e-03 2.8205128205128e-03 2.5641025641026e-03 5.8974358974359e-03 3.8461538461538e-03 2.5641025641026e-03 2.5641025641026e-03 2.5641025641026e-03 3.3333333333333e-03 2.5641025641026e-03 2.5641025641026e-03 2.8205128205128e-03 8.8205128205128e-01 
74 1.4473684210526e-03 1.9736842105263e-03 1.5789473684211e-03 1.3157894736842e-03 1.4473684210526e-03 1.5789473684211e-03 1.4473684210526e-03 3.2236842105263e-02 1.7105263157895e-03 1.7105263157895e-03 1.8421052631579e-03 1.9736842105263e-03 5.4210526315790e-02 1.3157894736842e-03 1.4473684210526e-03 3.8157894736842e-03 1.3157894736842e-03 1.4473684210526e-03 1.3157894736842e-03 8.8486842105263e-01 
75 5.0000000000000e-03 1.1060606060606e-02 1.9696969696970e-03 1.5151515151515e-03 1.9696969696970e-03 1.8181818181818e-03 3.3333333333333e-03 2.1212121212121e-03 1.8181818181818e-03 1.6666666666667e-03 2.8939393939394e-02 1.8181818181818e-03 2.8787878787879e-03 1.6666666666667e-03 2.0045454545455e-01 1.5909090909091e-02 2.5757575757576e-03 3.8636363636364e-02 2.1212121212121e-03 6.7272727272727e-01 
76 1.8666666666667e-03 1.6000000000000e-03 1.8666666666667e-03 2.9333333333333e-03 3.0666666666667e-03 1.4533333333333e-02 1.0426666666667e-01 1.7333333333333e-03 4.5333333333333e-03 1.4666666666667e-03 1.6000000000000e-03 1.6000000000000e-03 1.5600000000000e-02 1.6000000000000e-03 2.2666666666667e-03 5.4666666666667e-03 8.5333333333334e-03 1.2986666666667e-01 1.6400000000000e-02 6.7920000000000e-01 
77 8.1250000000000e-03 3.1250000000000e-03 3.4375000000000e-03 9.0625000000000e-03 4.3750000000000e-03 3.1250000000000e-03 5.0000000000000e-03 3.1250000000000e-03 9.0625000000000e-03 1.1562500000000e-02 7.1875000000000e-03 1.0968750000000e-01 6.2500000000000e-03 3.7500000000000e-03 3.1250000000000e-03 9.0312500000000e-02 4.3750000000000e-03 3.4375000000000e-03 5.0000000000000e-03 7.0687500000000e-01 
78 2.5961538461538e-03 2.6923076923077e-03 4.3269230769231e-03 5.0000000000000e-03 1.1538461538462e-03 1.1538461538462e-03 6.8846153846154e-02 1.8269230769231e-03 1.7307692307692e-03 4.9038461538462e-03 1.0769230769231e-02 9.0384615384615e-03 4.6153846153846e-03 3.3653846153846e-03 3.9423076923077e-03 2.8846153846154e-03 2.7884615384615e-03 1.2500000000000e-03 8.9326923076923e-02 7.7778846153846e-01 
79 6.2745098039216e-03 1.9607843137255e-03 3.7254901960784e-03 1.6862745098039e-02 2.1568627450980e-03 2.1568627450980e-03 2.8627450980392e-02 1.9607843137255e-03 3.3333333333333e-03 4.5098039215686e-03 2.3529411764706e-03 2.1568627450980e-03 2.3411764705882e-01 2.3529411764706e-03 2.5490196078431e-03 1.0000000000000e-02 5.0980392156863e-03 2.1568627450980e-03 2.1568627450980e-03 6.6549019607843e-01 
80 2.0634920634921e-03 1.7460317460317e-03 1.9047619047619e-03 1.7460317460317e-03 1.7460317460317e-03 1.5873015873016e-03 1.7460317460317e-03 1.5873015873016e-03 2.8571428571429e-03 1.7460317460317e-03 1.5873015873016e-03 6.6666666666667e-03 1.5873015873016e-03 1.9047619047619e-03 1.7460317460317e-03 2.6682539682540e-01 2.5396825396825e-03 2.2222222222222e-03 2.2222222222222e-03 6.9396825396825e-01 
81 3.9603960396040e-03 3.7524752475248e-02 6.9306930693069e-03 1.0792079207921e-02 2.8712871287129e-03 2.8712871287129e-03 1.0693069306931e-02 4.0099009900990e-02 1.1089108910891e-02 6.1386138613861e-03 5.4455445544554e-03 3.1683168316832e-03 2.5940594059406e-02 4.0594059405941e-03 5.3465346534653e-03 3.7623762376238e-03 2.5247524752475e-02 9.8019801980198e-03 1.0099009900990e-02 7.7415841584158e-01 
82 8.1578947368421e-03 7.8947368421053e-03 3.1578947368421e-03 2.8947368421053e-03 4.2105263157895e-03 5.2631578947368e-03 3.4210526315789e-03 3.4210526315789e-03 3.4210526315789e-03 3.1315789473684e-02 3.9473684210526e-03 6.3157894736842e-03 2.8947368421053e-03 1.1578947368421e-02 3.9473684210526e-03 4.2105263157895e-03 2.8947368421053e-03 6.5789473684211e-03 3.9473684210526e-03 8.8052631578947e-01 
83 8.9285714285714e-03 1.4285714285714e-03 4.7619047619048e-03 2.2619047619048e-03 1.4166666666667e-02 1.4285714285714e-03 1.7857142857143e-03 1.1904761904762e-03 1.3095238095238e-03 2.5000000000000e-03 1.4285714285714e-03 2.5000000000000e-03 2.0238095238095e-03 1.3095238095238e-03 4.8809523809524e-03 1.4285714285714e-03 1.1904761904762e-03 1.3809523809524e-01 2.5000000000000e-03 8.0488095238095e-01 
84 1.2400000000000e-02 4.0000000000000e-03 4.0000000000000e-03 5.6000000000000e-03 6.0000000000000e-03 4.0000000000000e-03 2.0400000000000e-02 4.8000000000000e-03 6.0000000000000e-03 4.4000000000000e-03 4.0000000000000e-03 4.4000000000000e-03 4.8000000000000e-03 8.8000000000000e-03 6.8000000000000e-03 1.1920000000000e-01 4.8000000000000e-03 1.0960000000000e-01 6.0000000000000e-03 6.6000000000000e-01 
85 1.6455696202532e-03 1.2658227848101e-03 1.7721518987342e-03 1.7721518987342e-03 1.6455696202532e-03 1.6455696202532e-03 1.5189873417722e-03 1.8987341772152e-03 1.7721518987342e-03 1.2658227848101e-03 1.8987341772152e-03 5.7721518987342e-02 1.3518987341772e-01 2.4050632911392e-03 1.3924050632911e-03 1.6455696202532e-03 2.4050632911392e-03 7.2151898734177e-03 1.0240506329114e-01 6.7151898734177e-01 
86 5.9036144578313e-03 7.1084337349398e-02 1.2650602409639e-02 6.7469879518072e-03 4.6987951807229e-03 6.8674698795181e-03 2.2891566265060e-03 4.2168674698795e-03 8.7951807228916e-03 7.5903614457831e-03 1.9879518072289e-02 1.8072289156627e-03 2.5301204819277e-03 1.0120481927711e-02 3.2530120481928e-03 8.5662650602410e-02 1.1734939759036e-01 1.9277108433735e-03 1.8072289156627e-03 6.2481927710843e-01 
87 2.1212121212121e-03 2.7272727272727e-03 3.2323232323232e-03 8.2121212121212e-02 5.8787878787879e-02 2.2222222222222e-03 8.6868686868687e-03 2.1212121212121e-03 2.3232323232323e-03 6.0606060606061e-03 3.5353535353535e-03 2.3232323232323e-03 8.5858585858586e-03 1.9191919191919e-03 2.0202020202020e-03 4.3434343434343e-03 1.0101010101010e-02 5.0505050505051e-03 3.3333333333333e-03 7.8838383838384e-01 
88 5.6000000000000e-03 5.6000000000000e-03 6.0000000000000e-03 4.8000000000000e-03 5.2000000000000e-03 4.4000000000000e-03 2.6400000000000e-01 5.6000000000000e-03 6.0000000000000e-03 4.4000000000000e-03 6.4000000000000e-03 6.8000000000000e-03 6.4000000000000e-03 4.0000000000000e-03 5.2000000000000e-02 5.2000000000000e-03 4.0000000000000e-03 7.8000000000000e-02 4.0000000000000e-03 5.2160000000000e-01 
89 2.3469387755102e-02 3.2653061224490e-03 2.1428571428571e-03 7.8571428571428e-03 6.8367346938775e-03 8.2653061224490e-03 4.4897959183673e-03 2.5510204081633e-03 8.3673469387755e-03 1.1224489795918e-02 3.4693877551020e-03 2.0510204081633e-02 4.4897959183673e-03 2.1428571428571e-03 2.6632653061224e-02 4.1836734693878e-03 6.9591836734694e-02 2.7653061224490e-02 4.1836734693878e-03 7.5867346938775e-01 
90 2.7118644067797e-03 3.7288135593220e-03 4.4067796610170e-03 3.3898305084746e-03 3.2203389830508e-03 3.2203389830508e-02 6.1016949152543e-03 3.0508474576271e-03 3.8983050847458e-03 2.0338983050847e-03 1.6949152542373e-03 2.0338983050847e-03 3.7288135593220e-03 4.7457627118644e-03 8.6440677966102e-03 2.3728813559322e-03 2.7118644067797e-03 2.3033898305085e-01 3.3898305084746e-03 6.7559322033898e-01 
91 4.7413793103448e-03 7.2413793103448e-03 2.5862068965517e-03 1.8103448275862e-02 2.3275862068965e-03 9.4827586206896e-04 1.5862068965517e-02 2.1551724137931e-03 1.1034482758621e-02 3.0775862068966e-02 2.1551724137931e-03 1.2931034482759e-03 2.6724137931034e-03 2.5862068965517e-03 3.7068965517241e-03 1.5948275862069e-02 1.3698275862069e-01 4.3103448275862e-03 6.5517241379310e-03 7.2801724137931e-01 
92 2.9545454545455e-03 3.1818181818182e-03 2.7272727272727e-03 3.6363636363636e-03 2.7272727272727e-03 3.1818181818182e-03 2.5000000000000e-03 2.2727272727273e-03 2.9545454545455e-03 2.7272727272727e-03 2.7272727272727e-03 2.0000000000000e-02 1.6159090909091e-01 4.3181818181818e-03 2.2727272727273e-03 2.5000000000000e-03 2.2727272727273e-03 4.0909090909091e-03 7.5000000000000e-03 7.6386363636364e-01 
93 1.8181818181818e-03 9.0909090909091e-03 1.7090909090909e-02 3.0000000000000e-02 2.1818181818182e-03 1.8181818181818e-03 1.8181818181818e-03 1.8181818181818e-03 1.8181818181818e-03 2.1818181818182e-03 1.8181818181818e-03 2.0000000000000e-03 2.0000000000000e-03 2.0000000000000e-03 2.0000000000000e-03 2.3636363636364e-03 2.0000000000000e-03 2.0000000000000e-03 2.3636363636364e-03 9.1181818181818e-01 
94 2.5000000000000e-03 5.7142857142857e-03 1.7857142857143e-03 8.6250000000000e-02 2.5000000000000e-03 3.0357142857143e-03 2.3214285714286e-03 2.3214285714286e-03 9.4642857142857e-03 1.7857142857143e-03 1.9642857142857e-03 5.1785714285714e-03 2.8571428571429e-03 2.6785714285714e-03 1.4821428571429e-02 1.1053571428571e-01 3.2142857142857e-03 3.2142857142857e-03 1.7857142857143e-03 7.3607142857143e-01 
95 1.7021276595745e-03 1.8085106382979e-03 1.9680851063830e-02 1.4893617021277e-03 2.5531914893617e-03 3.2446808510638e-02 2.4468085106383e-03 2.6595744680851e-03 1.8085106382979e-03 2.0319148936170e-02 3.4042553191489e-03 7.5531914893617e-03 3.0851063829787e-03 5.4255319148936e-03 2.9787234042553e-03 2.2340425531915e-03 4.3617021276596e-03 2.3404255319149e-03 4.4042553191489e-02 8.3765957446808e-01 
96 7.2500000000000e-03 3.4166666666667e-03 4.2500000000000e-03 2.7500000000000e-02 5.0000000000000e-03 6.6666666666667e-03 2.7500000000000e-03 3.0833333333333e-03 4.5000000000000e-03 1.6000000000000e-02 1.9166666666667e-03 2.7916666666667e-02 4.2500000000000e-03 1.6666666666667e-03 2.2500000000000e-03 2.8250000000000e-02 6.0000000000000e-03 1.0166666666667e-02 5.5833333333333e-03 8.3158333333333e-01 
97 8.0555555555555e-03 2.7777777777778e-03 4.1666666666667e-03 1.8888888888889e-02 3.6111111111111e-03 3.0555555555556e-03 3.3333333333333e-03 2.5833333333333e-02 4.1666666666667e-03 4.1666666666667e-03 9.1666666666667e-03 5.2777777777778e-03 7.2777777777778e-02 3.3333333333333e-03 8.8888888888889e-03 4.1666666666667e-03 6.3888888888889e-03 3.3333333333333e-03 8.0555555555555e-03 8.0055555555556e-01 
98 3.7209302325581e-03 6.9767441860465e-03 7.6744186046512e-03 3.2558139534884e-03 7.6744186046512e-03 2.3255813953488e-03 5.1162790697675e-03 3.2558139534884e-03 2.5581395348837e-03 6.0465116279070e-03 2.7906976744186e-03 2.5581395348837e-03 5.5813953488372e-03 3.0232558139535e-03 3.9534883720930e-03 3.7209302325581e-03 1.2000000000000e-01 3.0232558139535e-03 2.7906976744186e-03 8.0395348837209e-01 
