0 4.5714285714286e-03 7.3333333333333e-03 3.0476190476190e-03 2.8571428571429e-03 2.2857142857143e-03 1.1638095238095e-01 5.3333333333333e-03 9.8095238095238e-03 1.7142857142857e-03 1.2666666666667e-02 5.2380952380952e-03 2.0952380952381e-03 5.4285714285714e-03 2.0380952380952e-02 2.6666666666667e-03 3.4095238095238e-02 3.9047619047619e-03 1.6190476190476e-03 1.3238095238095e-02 2.9523809523810e-03 4.5714285714286e-03 2.5333333333333e-02 1.2571428571429e-02 2.0000000000000e-03 5.6190476190476e-03 6.1428571428571e-02 1.0190476190476e-02 9.9047619047619e-03 1.3428571428571e-02 5.9733333333333e-01 
1 1.6279069767442e-03 1.8604651162791e-03 1.5116279069767e-03 1.2790697674419e-03 1.6279069767442e-03 2.6744186046512e-03 1.6279069767442e-03 1.9767441860465e-03 1.6279069767442e-03 1.5116279069767e-03 1.2790697674419e-03 1.3953488372093e-03 7.7906976744186e-03 1.3953488372093e-03 1.7465116279070e-01 1.5116279069767e-03 7.9069767441860e-03 1.8604651162791e-03 2.0930232558140e-03 1.2790697674419e-03 1.5116279069767e-03 1.5116279069767e-03 1.3953488372093e-03 2.6744186046512e-03 1.3953488372093e-03 1.5000000000000e-02 1.3953488372093e-03 1.2790697674419e-03 1.2790697674419e-03 7.5406976744186e-01 
2 3.1250000000000e-03 4.6875000000000e-03 3.7500000000000e-03 3.4375000000000e-03 3.1250000000000e-03 4.6875000000000e-03 3.8437500000000e-02 4.0625000000000e-03 4.0625000000000e-03 5.3125000000000e-03 3.1250000000000e-03 5.6250000000000e-03 4.3750000000000e-03 4.3750000000000e-03 8.4375000000000e-03 4.0625000000000e-03 3.7500000000000e-03 4.3750000000000e-03 3.1250000000000e-03 5.3125000000000e-03 3.7500000000000e-03 3.7500000000000e-03 4.3750000000000e-03 5.6250000000000e-03 9.3750000000000e-03 1.0156250000000e-01 6.5625000000000e-03 1.5000000000000e-01 3.1250000000000e-03 5.9062500000000e-01 
3 2.6363636363636e-03 7.0000000000000e-03 2.2727272727273e-03 1.1818181818182e-03 1.6636363636364e-02 4.1818181818182e-03 2.8181818181818e-03 3.5454545454545e-03 3.5454545454545e-03 8.6363636363636e-03 2.4545454545455e-03 2.2727272727273e-03 1.4636363636364e-02 3.3636363636364e-03 1.7272727272727e-03 5.2727272727273e-03 2.3636363636364e-03 3.0909090909091e-03 6.5000000000000e-02 1.6363636363636e-03 1.6636363636364e-02 1.1909090909091e-02 3.3636363636364e-03 8.4545454545455e-03 9.1818181818181e-03 1.9090909090909e-03 2.2727272727273e-03 2.7272727272727e-03 1.1818181818182e-03 7.8809090909091e-01 
4 1.6666666666667e-03 1.8181818181818e-03 1.5151515151515e-03 2.2727272727273e-03 1.8181818181818e-03 1.8181818181818e-03 1.6666666666667e-03 1.9696969696970e-03 2.1212121212121e-03 1.5151515151515e-03 1.8181818181818e-03 1.6666666666667e-03 1.5151515151515e-03 7.5606060606061e-02 1.8181818181818e-03 1.6666666666667e-03 1.6666666666667e-03 1.8181818181818e-03 8.1666666666667e-02 1.5151515151515e-03 1.5151515151515e-03 1.5151515151515e-03 2.1212121212121e-03 3.4848484848485e-03 1.5151515151515e-03 1.6666666666667e-03 4.0606060606061e-02 4.3181818181818e-02 1.5151515151515e-03 7.1393939393939e-01 
5 2.9838709677419e-03 3.8709677419355e-03 2.0967741935484e-03 5.2419354838710e-03 6.9354838709677e-03 3.4677419354839e-03 1.5322580645161e-03 3.9516129032258e-02 3.1451612903226e-03 4.4354838709677e-03 1.2258064516129e-02 4.5967741935484e-03 1.1040322580645e-01 1.6129032258064e-03 8.3064516129032e-03 3.0000000000000e-02 5.0000000000000e-03 2.4516129032258e-02 2.6612903225806e-03 7.4193548387097e-03 1.6935483870968e-03 2.5000000000000e-03 1.0887096774194e-02 2.9032258064516e-03 3.1451612903226e-03 2.5806451612903e-03 1.6129032258064e-03 2.6612903225806e-03 1.2096774193548e-03 6.9080645161290e-01 
6 2.0618556701031e-03 7.6288659793814e-03 6.8041237113402e-03 2.5051546391753e-02 1.8659793814433e-02 1.0309278350515e-03 1.0412371134021e-02 1.2577319587629e-02 5.3608247422680e-03 6.0927835051546e-02 1.8556701030928e-03 3.8144329896907e-03 2.4742268041237e-03 1.2371134020619e-03 2.1958762886598e-02 8.3505154639175e-03 8.8659793814433e-03 2.0309278350516e-02 1.3608247422680e-02 3.5051546391753e-03 9.7938144329897e-03 2.2268041237113e-02 6.7010309278350e-03 5.5670103092783e-03 6.4948453608247e-03 8.0412371134021e-03 4.7422680412371e-03 1.4639175257732e-02 3.2371134020619e-02 6.5288659793814e-01 
7 2.7272727272727e-03 1.9696969696970e-03 1.9696969696970e-03 1.6666666666667e-03 1.8181818181818e-03 1.6666666666667e-03 2.2727272727273e-03 1.5151515151515e-03 2.1212121212121e-03 6.3636363636363e-03 2.1212121212121e-03 2.2727272727273e-03 1.7727272727273e-02 4.6969696969697e-02 2.2727272727273e-03 1.5151515151515e-03 3.0303030303030e-03 3.6363636363636e-03 1.6666666666667e-03 2.1212121212121e-03 5.0000000000000e-03 1.6666666666667e-03 3.1818181818182e-03 1.8181818181818e-03 1.6666666666667e-03 1.5151515151515e-03 1.8181818181818e-03 1.5151515151515e-03 2.7272727272727e-03 8.7166666666667e-01 
8 2.4545454545455e-03 6.7272727272727e-03 1.0818181818182e-01 3.0000000000000e-03 9.6363636363636e-03 1.0000000000000e-03 2.2727272727273e-03 6.3636363636364e-03 1.9090909090909e-03 9.6363636363636e-03 3.4545454545455e-03 4.0909090909091e-03 6.1909090909091e-02 1.9090909090909e-03 9.9090909090909e-03 2.5454545454545e-03 6.0909090909091e-03 3.5454545454545e-03 1.8181818181818e-03 3.3000000000000e-02 3.7272727272727e-03 2.7272727272727e-03 7.4545454545455e-03 2.0909090909091e-03 3.9090909090909e-03 8.4545454545454e-03 7.1818181818182e-03 1.0909090909091e-03 9.0909090909091e-03 6.7481818181818e-01 
9 1.8518518518519e-03 9.2592592592593e-04 1.1111111111111e-03 2.6851851851852e-03 1.3888888888889e-03 1.8518518518519e-03 1.5740740740741e-03 1.3888888888889e-03 1.5740740740741e-03 1.2037037037037e-03 1.1111111111111e-03 1.8518518518519e-03 7.7407407407407e-02 1.2962962962963e-03 1.4814814814815e-03 2.5000000000000e-03 2.4074074074074e-03 1.1111111111111e-03 1.2962962962963e-03 1.1111111111111e-03 1.3888888888889e-03 1.8518518518518e-03 1.1111111111111e-03 1.5925925925926e-02 1.7037037037037e-02 2.9629629629630e-03 1.5000000000000e-02 9.2592592592593e-04 3.2407407407407e-03 8.3342592592593e-01 
10 1.5384615384615e-03 2.7350427350427e-03 3.4188034188034e-03 2.0512820512821e-03 1.1965811965812e-03 1.8803418803419e-03 4.7008547008547e-03 1.2820512820513e-03 1.3675213675214e-03 1.6666666666667e-02 9.4017094017094e-04 2.4786324786325e-03 1.5384615384615e-03 9.7008547008547e-02 1.4529914529915e-03 3.9316239316239e-03 1.1965811965812e-03 1.9059829059829e-02 3.3333333333333e-03 2.3931623931624e-03 2.4786324786325e-03 1.8803418803419e-03 1.0256410256410e-03 1.0000000000000e-02 6.5811965811966e-03 3.1623931623932e-03 1.9846153846154e-01 1.3675213675214e-03 1.2820512820513e-03 6.0358974358974e-01 
11 1.5238095238095e-03 5.2380952380952e-03 1.6476190476190e-02 2.1904761904762e-03 2.2857142857143e-03 1.2380952380952e-03 1.9047619047619e-03 3.1428571428571e-03 2.0952380952381e-03 1.7333333333333e-02 6.2857142857143e-03 2.2857142857143e-03 1.9333333333333e-02 9.7142857142857e-03 2.0000000000000e-03 2.1904761904762e-03 3.2380952380952e-03 2.6666666666667e-03 9.8095238095238e-03 4.9904761904762e-02 1.9047619047619e-03 1.7142857142857e-03 1.9047619047619e-03 2.7428571428571e-02 3.6571428571429e-02 1.9047619047619e-03 7.7142857142857e-03 1.8095238095238e-03 2.1904761904762e-03 7.5600000000000e-01 
12 7.1428571428571e-03 2.2952380952381e-02 2.2476190476190e-02 2.9523809523810e-03 8.1238095238095e-02 8.0000000000000e-03 8.0952380952381e-03 3.1428571428571e-03 2.9523809523810e-03 1.0285714285714e-02 1.8095238095238e-03 6.6666666666667e-03 2.5714285714286e-03 4.8571428571429e-03 2.3809523809524e-03 8.0952380952381e-03 5.7142857142857e-03 1.1142857142857e-02 2.0952380952381e-03 3.4285714285714e-03 2.1904761904762e-03 5.3333333333333e-03 1.3333333333333e-03 4.3809523809524e-03 4.5714285714286e-03 6.5714285714285e-03 1.3238095238095e-02 7.9047619047619e-03 3.6190476190476e-03 7.3285714285714e-01 
13 2.3214285714286e-03 1.9642857142857e-03 1.9642857142857e-03 1.9642857142857e-03 3.0357142857143e-03 1.7857142857143e-03 2.5000000000000e-03 2.4285714285714e-01 3.0357142857143e-03 1.9642857142857e-03 1.7857142857143e-03 3.0357142857143e-03 1.9642857142857e-03 1.7857142857143e-03 2.1428571428571e-03 2.3214285714286e-03 1.7857142857143e-03 1.9642857142857e-03 1.7857142857143e-03 2.3214285714286e-03 1.9642857142857e-03 1.7857142857143e-03 2.8571428571429e-03 1.1071428571429e-01 2.3214285714286e-03 2.6785714285714e-03 1.7857142857143e-03 1.9642857142857e-03 1.4464285714286e-02 5.7517857142857e-01 
14 2.0535714285714e-03 1.3392857142857e-03 5.7142857142857e-03 4.4642857142857e-03 1.4464285714286e-02 4.3660714285714e-02 7.6785714285714e-03 1.1071428571429e-02 1.6428571428571e-02 1.5178571428571e-03 2.3214285714286e-03 4.1964285714286e-03 3.6250000000000e-02 3.3928571428572e-03 7.4107142857143e-03 1.9642857142857e-03 2.5892857142857e-03 2.5000000000000e-03 1.1160714285714e-02 1.7946428571429e-02 3.1875000000000e-02 1.6071428571429e-03 3.9285714285714e-03 2.7678571428571e-03 3.4821428571429e-03 1.6964285714286e-03 5.4464285714286e-02 1.3392857142857e-03 1.3392857142857e-03 6.9937500000000e-01 
15 2.4000000000000e-03 3.0000000000000e-03 2.0000000000000e-03 2.0000000000000e-03 2.2000000000000e-03 2.4000000000000e-03 2.2000000000000e-03 2.6000000000000e-03 2.0000000000000e-03 2.2000000000000e-03 2.0000000000000e-03 9.8000000000000e-03 4.2260000000000e-01 2.0000000000000e-03 1.9200000000000e-02 1.1000000000000e-02 3.2000000000000e-03 2.4000000000000e-03 2.0000000000000e-03 2.2000000000000e-03 2.4000000000000e-03 2.4000000000000e-03 2.0000000000000e-03 2.2000000000000e-03 3.2000000000000e-03 2.8000000000000e-03 2.2000000000000e-03 2.0000000000000e-03 2.0000000000000e-03 4.7940000000000e-01 
16 1.3541666666667e-03 3.5416666666667e-03 1.2500000000000e-03 4.5833333333333e-03 3.0208333333333e-03 1.6666666666667e-03 3.1875000000000e-02 1.6666666666667e-03 1.5625000000000e-03 1.7708333333333e-03 1.5833333333333e-02 1.5625000000000e-03 1.3541666666667e-03 1.0416666666667e-03 1.4583333333333e-03 1.3541666666667e-03 1.1458333333333e-03 2.3958333333333e-03 1.1458333333333e-03 2.9166666666667e-03 1.3541666666667e-03 1.6666666666667e-03 2.1875000000000e-03 1.5625000000000e-03 3.1250000000000e-03 1.1458333333333e-03 2.9166666666667e-03 1.5625000000000e-03 1.2500000000000e-03 9.0072916666667e-01 
17 2.7659574468085e-03 2.3404255319149e-03 3.6170212765957e-03 3.4042553191489e-03 2.1276595744681e-03 2.3404255319149e-03 3.1914893617021e-03 2.1276595744681e-03 2.5531914893617e-03 2.9787234042553e-03 2.1276595744681e-03 2.9787234042553e-03 2.1276595744681e-03 2.7659574468085e-03 2.3404255319149e-03 4.0425531914894e-03 2.1276595744681e-03 2.7659574468085e-03 2.0340425531915e-01 2.1276595744681e-03 2.5531914893617e-03 4.4680851063830e-03 2.1276595744681e-03 1.6808510638298e-02 3.6170212765957e-03 2.5531914893617e-03 2.1489361702128e-02 6.3829787234043e-03 2.3404255319149e-03 6.8340425531915e-01 
18 2.6315789473684e-03 3.2456140350877e-03 2.6315789473684e-03 3.4210526315789e-03 2.5438596491228e-03 2.2807017543860e-03 4.2982456140351e-03 2.9824561403509e-03 5.5263157894737e-03 4.6491228070175e-03 8.6842105263158e-03 2.5438596491228e-03 5.7543859649123e-02 2.9824561403509e-03 4.5614035087719e-03 2.3684210526316e-03 7.3684210526316e-03 3.7719298245614e-03 4.9122807017544e-03 3.7543859649123e-02 1.5789473684211e-03 5.5263157894737e-03 8.6842105263158e-03 2.0175438596491e-03 2.6315789473684e-03 1.9473684210526e-02 2.1929824561404e-03 1.9298245614035e-03 8.7719298245614e-04 7.8859649122807e-01 
19 1.9047619047619e-03 2.2619047619048e-03 1.3095238095238e-02 1.3095238095238e-03 1.6666666666667e-03 1.4285714285714e-03 2.1428571428571e-03 2.4642857142857e-02 1.5476190476190e-03 2.1428571428571e-03 1.3095238095238e-03 2.7380952380952e-03 1.7857142857143e-03 1.0523809523810e-01 2.0238095238095e-03 2.3809523809524e-03 1.6666666666667e-03 1.6666666666667e-03 1.9047619047619e-03 2.3809523809524e-03 2.9761904761905e-03 1.6666666666667e-03 1.3095238095238e-03 3.4523809523810e-03 2.3809523809524e-03 1.6666666666667e-03 3.6309523809524e-02 2.8869047619048e-01 1.4285714285714e-03 4.8488095238095e-01 
20 1.6346153846154e-03 6.6346153846154e-03 4.6153846153846e-03 3.9423076923077e-03 2.6923076923077e-03 2.3653846153846e-02 7.3076923076923e-02 8.6538461538461e-03 1.0576923076923e-02 2.1153846153846e-03 1.2500000000000e-01 9.1346153846154e-03 1.7307692307692e-03 3.8461538461539e-03 1.0480769230769e-02 2.5000000000000e-03 3.1730769230769e-03 8.7500000000000e-03 1.0961538461538e-02 2.7884615384615e-03 1.7307692307692e-03 4.9038461538462e-03 1.7500000000000e-02 5.0961538461539e-03 1.0865384615385e-02 4.7692307692308e-02 8.8461538461539e-03 2.5000000000000e-03 9.7115384615385e-03 5.7519230769231e-01 
21 2.3728813559322e-03 3.5593220338983e-03 2.2033898305085e-03 4.2372881355932e-03 2.8813559322034e-03 2.7118644067797e-03 2.5423728813559e-03 3.2203389830508e-03 6.9491525423729e-03 2.2033898305085e-03 2.0338983050847e-03 2.0338983050847e-03 2.0338983050847e-03 7.7288135593220e-02 1.6949152542373e-03 1.8644067796610e-03 1.8644067796610e-02 1.8644067796610e-03 1.4406779661017e-02 2.2033898305085e-03 1.6949152542373e-03 3.8983050847458e-03 2.0338983050847e-03 2.2033898305085e-03 2.8813559322034e-03 2.3728813559322e-03 1.8644067796610e-03 2.8677966101695e-01 5.0847457627119e-03 5.3423728813559e-01 
22 2.5000000000000e-03 3.5000000000000e-03 7.2500000000000e-03 3.5000000000000e-03 2.7500000000000e-03 3.7500000000000e-03 2.7500000000000e-03 3.2500000000000e-03 2.5000000000000e-03 2.7500000000000e-03 3.2500000000000e-03 2.5000000000000e-03 3.2500000000000e-03 2.5000000000000e-03 2.7500000000000e-03 3.0000000000000e-03 4.7500000000000e-03 3.0000000000000e-03 2.7500000000000e-03 2.5000000000000e-03 3.5000000000000e-03 3.2500000000000e-03 2.7500000000000e-03 5.2500000000000e-03 2.5000000000000e-03 2.7500000000000e-03 2.7500000000000e-03 2.5000000000000e-03 2.5600000000000e-01 6.5400000000000e-01 
23 1.2500000000000e-03 1.4772727272727e-03 1.3636363636364e-03 1.4772727272727e-03 1.5909090909091e-03 1.1363636363636e-03 1.8181818181818e-03 2.0454545454545e-03 1.2500000000000e-03 2.5000000000000e-03 1.5909090909091e-03 1.7045454545455e-03 1.1363636363636e-03 1.8181818181818e-03 1.0806818181818e-01 1.2500000000000e-03 6.9090909090909e-02 1.2500000000000e-03 1.4772727272727e-03 1.8181818181818e-03 1.2500000000000e-03 1.4772727272727e-03 1.3636363636364e-03 1.4772727272727e-03 1.1965909090909e-01 1.9318181818182e-03 1.2500000000000e-03 1.1363636363636e-03 1.9318181818182e-03 6.6340909090909e-01 
24 9.7345132743363e-03 1.7964601769912e-02 2.4778761061947e-03 1.7876106194690e-02 3.2212389380531e-02 1.4159292035398e-03 7.7876106194690e-03 3.5398230088496e-03 2.8318584070796e-03 3.0088495575221e-03 2.4070796460177e-02 1.2389380530973e-03 7.2566371681416e-03 4.2477876106195e-03 3.2477876106195e-02 3.3628318584071e-03 4.9557522123894e-03 2.7433628318584e-03 8.7610619469027e-03 2.5663716814159e-03 4.4247787610620e-03 9.8230088495575e-03 2.2123893805310e-03 2.0619469026549e-02 4.9557522123894e-03 1.4159292035398e-03 2.2920353982301e-02 1.3274336283186e-03 1.9469026548673e-03 7.3982300884956e-01 
25 2.9729729729730e-03 2.9729729729730e-03 2.1621621621622e-02 4.5945945945946e-03 2.9729729729730e-03 2.8918918918919e-02 4.5945945945946e-03 3.2432432432432e-03 2.9729729729730e-03 2.7027027027027e-03 2.9729729729730e-03 3.2432432432432e-03 3.7837837837838e-03 3.2432432432432e-03 2.3324324324324e-01 2.9729729729730e-03 2.9729729729730e-03 2.9729729729730e-03 4.0540540540541e-03 4.8648648648649e-03 3.7837837837838e-03 3.5135135135135e-03 2.7027027027027e-03 2.7027027027027e-03 1.7297297297297e-02 3.7837837837838e-03 2.7027027027027e-03 3.2432432432432e-03 1.8648648648649e-02 5.9972972972973e-01 
26 3.5185185185185e-03 2.5925925925926e-03 3.5185185185185e-03 1.6666666666667e-03 6.1111111111111e-03 1.4814814814815e-03 1.7592592592593e-03 2.5925925925926e-03 4.9074074074074e-03 4.4444444444444e-03 2.1296296296296e-03 5.2777777777778e-03 1.6666666666667e-03 2.8703703703704e-03 3.4259259259259e-03 1.4814814814815e-03 2.2222222222222e-03 1.6666666666667e-03 7.6851851851852e-03 1.7592592592593e-03 1.2277777777778e-01 4.4444444444444e-03 1.2962962962963e-03 2.1296296296296e-03 2.4074074074074e-03 1.2962962962963e-02 3.7962962962963e-03 2.3240740740741e-02 1.3444444444444e-01 6.2972222222222e-01 
27 3.7142857142857e-03 4.2857142857143e-03 4.0000000000000e-03 4.0000000000000e-03 4.0000000000000e-03 2.8571428571429e-03 3.1428571428571e-03 9.4000000000000e-02 4.0000000000000e-03 4.2857142857143e-03 5.1428571428571e-03 6.5714285714286e-03 1.8171428571429e-01 3.7142857142857e-03 3.8857142857143e-02 2.8571428571429e-03 4.5714285714286e-03 5.7142857142857e-03 3.4285714285714e-03 4.5714285714286e-03 3.1428571428571e-03 3.4285714285714e-03 7.4285714285714e-03 2.8571428571429e-03 4.2857142857143e-03 5.7142857142857e-03 2.8571428571429e-03 3.1428571428571e-03 2.8571428571429e-03 5.7885714285714e-01 
28 4.2105263157895e-03 3.1578947368421e-03 1.9298245614035e-03 2.1052631578947e-03 4.2105263157895e-03 1.9298245614035e-03 3.3333333333333e-03 3.5087719298246e-03 2.8070175438596e-03 1.7543859649123e-03 4.9122807017544e-03 2.9824561403509e-03 9.2982456140351e-02 2.1052631578947e-03 1.7543859649123e-03 4.3859649122807e-03 3.5087719298246e-03 1.7543859649123e-03 2.1052631578947e-03 1.9298245614035e-03 2.9824561403509e-03 1.9298245614035e-03 3.5087719298246e-03 7.2280701754386e-02 1.7543859649123e-03 4.3859649122807e-03 1.7543859649123e-03 2.2807017543860e-03 2.2807017543860e-03 7.5947368421053e-01 
29 2.7419354838710e-03 3.8709677419355e-03 1.1612903225806e-02 1.7741935483871e-03 1.6129032258064e-03 5.9677419354839e-03 9.3548387096774e-03 1.5806451612903e-02 2.0967741935484e-03 8.8709677419355e-03 1.9354838709677e-03 2.5806451612903e-03 1.7741935483871e-03 2.3870967741935e-02 3.2258064516129e-03 2.0967741935484e-03 2.2580645161290e-03 1.7741935483871e-03 1.7741935483871e-03 1.2258064516129e-02 1.9354838709677e-03 6.2419354838710e-02 5.3225806451613e-03 1.3709677419355e-02 9.8387096774193e-03 6.9032258064516e-02 5.3225806451613e-03 4.0322580645161e-03 2.1935483870968e-02 6.8919354838710e-01 
30 2.5641025641026e-03 3.3333333333333e-03 3.3333333333333e-03 3.5897435897436e-03 2.8205128205128e-03 2.8205128205128e-03 3.0769230769231e-03 7.6923076923077e-03 2.8205128205128e-03 3.5897435897436e-03 4.3589743589744e-03 6.1538461538462e-03 8.3846153846154e-02 3.0769230769231e-03 1.6923076923077e-02 4.3589743589744e-03 3.3333333333333e-03 3.3333333333333e-03 2.8205128205128e-03 2.5641025641026e-03 3.8461538461538e-03 2.5641025641026e-03 2.5641025641026e-03 1.0333333333333e-01 3.0769230769231e-03 3.0769230769231e-03 2.8205128205128e-03 5.3846153846154e-03 3.0769230769231e-03 7.0384615384615e-01 
31 1.8750000000000e-03 1.2739583333333e-01 1.6666666666667e-03 2.2916666666667e-03 5.5208333333333e-03 2.3958333333333e-03 3.3333333333333e-03 6.2500000000000e-03 3.2291666666667e-03 4.2708333333333e-03 2.6041666666667e-03 2.5000000000000e-03 2.0833333333333e-03 6.9791666666667e-03 3.3333333333333e-03 2.6041666666667e-03 4.3750000000000e-03 4.1666666666667e-03 6.6666666666667e-03 7.2916666666667e-03 3.9583333333333e-03 2.0104166666667e-02 2.9166666666667e-03 2.2916666666667e-03 4.5833333333333e-03 5.6250000000000e-03 2.6041666666667e-03 1.8750000000000e-03 1.2500000000000e-03 7.5395833333333e-01 
32 8.8421052631579e-03 1.8105263157895e-02 7.1578947368421e-03 2.2105263157895e-03 4.5263157894737e-03 7.6842105263158e-03 1.1894736842105e-02 8.1052631578947e-02 8.0000000000000e-03 4.2105263157895e-03 4.3157894736842e-03 4.7368421052632e-03 2.5263157894737e-03 2.7368421052632e-03 3.6842105263158e-03 3.7894736842105e-03 3.1578947368421e-03 5.1578947368421e-03 4.8421052631579e-03 1.2421052631579e-02 3.7789473684211e-02 3.5684210526316e-02 3.0526315789474e-03 8.6315789473684e-03 1.8000000000000e-02 4.1052631578948e-03 2.9473684210526e-03 5.4736842105263e-03 1.4315789473684e-02 6.6894736842105e-01 
33 4.0540540540541e-03 4.0540540540541e-03 3.2432432432432e-03 7.5675675675676e-03 3.2432432432432e-03 3.5135135135135e-03 6.4864864864865e-03 7.5675675675676e-03 5.1351351351351e-03 3.7837837837838e-03 2.9729729729730e-03 2.9729729729730e-03 2.9729729729730e-03 3.2432432432432e-03 1.4864864864865e-02 1.2432432432432e-02 4.0540540540541e-03 7.0270270270270e-03 7.8378378378378e-03 4.0540540540541e-03 3.5135135135135e-03 3.5135135135135e-03 3.5135135135135e-03 3.2432432432432e-03 2.7162162162162e-01 3.2432432432432e-03 3.5135135135135e-03 3.3513513513513e-02 1.8108108108108e-02 5.4513513513513e-01 
34 1.9047619047619e-03 1.5873015873016e-03 1.7460317460317e-03 2.6984126984127e-03 1.9047619047619e-03 9.5396825396825e-02 2.3809523809524e-03 1.9047619047619e-03 1.5873015873016e-03 1.9047619047619e-03 2.3809523809524e-03 1.7460317460317e-03 1.9047619047619e-03 1.7460317460317e-03 7.9365079365079e-03 2.0634920634921e-03 2.6984126984127e-03 1.9047619047619e-03 1.1920634920635e-01 1.9047619047619e-03 2.0634920634921e-03 1.7460317460317e-03 1.7460317460317e-03 1.5873015873016e-03 2.6984126984127e-03 1.7460317460317e-03 1.3206349206349e-01 1.9047619047619e-03 1.7460317460317e-03 5.9619047619048e-01 
35 5.2222222222222e-03 2.7777777777778e-02 4.5555555555556e-03 4.1111111111111e-03 3.7777777777778e-03 2.5555555555556e-03 2.8888888888889e-03 2.8888888888889e-03 3.6666666666667e-03 1.1555555555556e-02 2.6666666666667e-03 5.3333333333333e-03 1.6666666666667e-03 3.2222222222222e-03 1.2333333333333e-02 5.3333333333333e-03 8.8888888888889e-03 6.3333333333333e-03 4.7777777777778e-03 1.1222222222222e-02 1.2888888888889e-02 1.8888888888889e-03 4.0000000000000e-03 5.4444444444444e-03 1.1222222222222e-02 1.8888888888889e-03 3.0000000000000e-03 7.1111111111111e-03 1.2222222222222e-03 8.2055555555555e-01 
36 1.0638297872340e-03 7.7659574468085e-03 2.4468085106383e-03 1.7021276595745e-03 2.3404255319149e-03 2.2340425531915e-03 3.5106382978723e-03 1.9148936170213e-03 2.9787234042553e-03 3.5106382978723e-03 1.9148936170213e-03 5.1063829787234e-03 2.2340425531915e-03 5.8510638297872e-03 5.4255319148936e-03 1.7553191489362e-02 2.3191489361702e-02 1.1702127659574e-02 2.1276595744681e-03 3.0851063829787e-03 2.0212765957447e-03 2.1276595744681e-03 1.1702127659574e-03 4.0319148936170e-02 2.1276595744681e-03 2.2340425531915e-03 1.5957446808511e-03 1.8085106382979e-03 1.4893617021277e-03 8.3744680851064e-01 
37 5.4368932038835e-03 1.9417475728155e-03 3.2038834951456e-03 4.6601941747573e-03 3.0097087378641e-03 5.8252427184466e-03 4.3689320388350e-03 5.4368932038835e-03 4.4660194174757e-03 1.5242718446602e-02 1.9417475728155e-03 3.1067961165049e-03 4.8737864077670e-02 1.6504854368932e-03 3.9223300970874e-02 9.6116504854369e-03 3.8834951456311e-03 3.1067961165049e-03 5.1456310679612e-03 2.5242718446602e-03 4.1747572815534e-03 2.0388349514563e-03 7.4757281553398e-03 1.2621359223301e-02 1.2718446601942e-02 3.2038834951456e-03 1.8446601941748e-03 2.0388349514563e-03 2.6213592233010e-03 7.7873786407767e-01 
38 6.9387755102041e-03 3.0612244897959e-03 2.4489795918367e-03 2.6530612244898e-03 2.4489795918367e-03 2.6530612244898e-03 2.4489795918367e-03 2.2448979591837e-03 4.8979591836735e-03 3.0612244897959e-03 4.2857142857143e-03 2.2448979591837e-03 2.4489795918367e-03 3.4693877551020e-03 2.4489795918367e-03 3.0612244897959e-03 3.4693877551020e-03 4.2857142857143e-03 2.6530612244898e-03 2.0408163265306e-03 2.2448979591837e-03 6.9387755102041e-02 2.8571428571429e-03 3.0612244897959e-03 2.6530612244898e-03 2.4489795918367e-03 4.6938775510204e-03 2.4489795918367e-03 2.0408163265306e-03 8.4489795918367e-01 
39 2.4731182795699e-03 2.3010752688172e-02 1.5053763440860e-03 3.8709677419355e-03 1.9354838709677e-03 3.1182795698925e-03 3.6559139784946e-03 1.2903225806452e-02 3.1182795698925e-03 1.6129032258065e-03 1.3978494623656e-03 2.4731182795699e-03 1.5053763440860e-03 2.6881720430107e-03 1.2903225806452e-03 2.2580645161290e-03 1.8279569892473e-03 2.5806451612903e-03 6.8817204301075e-03 8.0645161290323e-03 2.0430107526882e-03 5.4838709677419e-03 1.3978494623656e-03 1.7204301075269e-03 1.5053763440860e-03 1.9354838709677e-03 2.6881720430108e-03 2.5806451612903e-03 7.6774193548387e-02 8.1569892473118e-01 
40 1.3720930232558e-02 4.1085271317829e-03 1.8604651162791e-03 1.3953488372093e-03 1.3178294573643e-03 5.2093023255814e-02 7.8604651162791e-02 1.4651162790698e-02 1.5503875968992e-03 1.6124031007752e-02 2.4806201550388e-03 1.2403100775194e-02 1.2248062015504e-02 2.0930232558140e-03 2.0930232558140e-03 3.6434108527132e-03 3.1782945736434e-03 1.7829457364341e-03 2.0155038759690e-03 2.2480620155039e-03 5.5038759689922e-03 1.8604651162791e-03 1.0852713178295e-03 1.0852713178295e-03 2.0155038759690e-03 1.6201550387597e-02 8.5271317829457e-03 2.7131782945736e-03 7.5271317829457e-02 6.5612403100775e-01 
41 2.0438596491228e-02 8.5087719298246e-03 1.4035087719298e-03 3.3947368421053e-02 3.1578947368421e-03 4.3859649122807e-03 2.1052631578947e-03 2.9824561403509e-03 2.7192982456140e-03 3.5087719298246e-03 1.4912280701754e-03 2.6315789473684e-03 5.8771929824561e-03 1.2280701754386e-03 2.5789473684211e-02 2.1929824561404e-03 3.3596491228070e-02 5.7894736842105e-03 2.1052631578947e-03 1.9298245614035e-03 2.2807017543860e-03 5.0000000000000e-03 1.2280701754386e-03 9.9122807017544e-03 2.9824561403509e-03 3.6842105263158e-03 9.9122807017544e-03 1.1403508771930e-03 3.3333333333333e-03 7.9473684210526e-01 
42 3.3333333333333e-03 5.0000000000000e-03 3.3333333333333e-03 7.0000000000000e-03 3.6666666666667e-03 3.6666666666667e-03 3.3333333333333e-03 4.0000000000000e-03 4.0000000000000e-03 3.3333333333333e-03 4.0000000000000e-03 4.3333333333333e-03 4.3333333333333e-03 3.6666666666667e-03 3.6666666666667e-03 3.3333333333333e-03 3.6666666666667e-03 4.4000000000000e-02 4.0000000000000e-03 3.3333333333333e-03 3.3333333333333e-03 3.3333333333333e-03 3.6666666666667e-03 1.8000000000000e-01 3.3333333333333e-03 4.0000000000000e-03 3.6666666666667e-03 4.0000000000000e-03 3.6666666666667e-03 6.7200000000000e-01 
43 2.2641509433962e-03 1.1226415094340e-02 6.5094339622641e-03 5.2830188679245e-03 2.1698113207547e-03 2.6415094339623e-03 1.4811320754717e-02 1.5471698113208e-02 3.0188679245283e-03 1.2264150943396e-03 9.3490566037736e-02 5.5660377358490e-03 1.6981132075472e-03 3.7358490566038e-02 3.1132075471698e-03 6.1320754716981e-03 2.0754716981132e-03 2.5471698113207e-03 2.9245283018868e-03 3.3018867924528e-03 3.8679245283019e-03 1.6981132075472e-03 1.5094339622641e-03 6.9811320754717e-03 4.0566037735849e-03 4.5377358490566e-02 1.6037735849057e-03 1.8867924528302e-03 4.5283018867924e-03 7.0566037735849e-01 
44 5.6363636363636e-03 1.2181818181818e-02 2.9090909090909e-03 3.8181818181818e-03 2.5454545454545e-03 1.8181818181818e-03 2.3636363636364e-03 3.2727272727273e-03 3.2727272727273e-03 2.3636363636364e-03 2.0000000000000e-03 3.8181818181818e-03 2.0000000000000e-03 2.5454545454545e-03 1.8363636363636e-02 2.0000000000000e-03 3.2727272727273e-03 3.2727272727273e-03 5.2909090909091e-02 2.8727272727273e-02 3.0909090909091e-03 3.0909090909091e-03 2.0000000000000e-03 2.0000000000000e-03 3.0909090909091e-03 2.5454545454545e-03 2.0000000000000e-03 2.0000000000000e-03 2.9090909090909e-03 8.1818181818182e-01 
45 3.4653465346535e-03 9.1089108910891e-03 1.6831683168317e-03 1.5841584158416e-03 9.3762376237624e-02 2.4752475247525e-03 3.4653465346535e-03 5.3465346534653e-03 1.2871287128713e-03 2.7722772277228e-03 6.1386138613861e-03 9.2673267326733e-02 1.3861386138614e-03 3.8613861386139e-03 1.8613861386139e-02 7.4257425742574e-03 3.7623762376238e-03 3.4653465346535e-03 9.4059405940594e-03 1.5841584158416e-03 2.6732673267327e-03 4.3564356435644e-03 5.4455445544554e-03 2.5742574257426e-03 4.0594059405941e-03 4.1584158415842e-03 1.1188118811881e-02 1.3861386138614e-03 2.3762376237624e-03 6.8851485148515e-01 
46 2.3333333333333e-03 2.0777777777778e-02 4.0000000000000e-03 2.0000000000000e-03 2.3333333333333e-03 4.8888888888889e-03 2.3333333333333e-03 2.8888888888889e-03 1.1000000000000e-02 1.0888888888889e-02 3.7777777777778e-03 2.3444444444444e-02 1.0488888888889e-01 3.3333333333333e-03 2.3333333333333e-03 1.7777777777778e-03 8.6666666666667e-03 5.0333333333333e-02 4.0000000000000e-03 1.4888888888889e-02 6.6666666666667e-03 3.1111111111111e-03 1.4444444444444e-03 8.4444444444444e-03 4.0000000000000e-03 2.4444444444444e-03 2.4444444444444e-03 1.2222222222222e-02 1.6666666666667e-03 6.7666666666667e-01 
47 2.3076923076923e-03 1.9230769230769e-03 4.8076923076923e-03 1.6346153846154e-03 6.0576923076923e-03 2.0192307692308e-03 4.4230769230769e-03 2.9807692307692e-03 2.7692307692308e-02 2.7884615384615e-03 2.2596153846154e-02 6.7307692307692e-03 5.5769230769231e-03 3.8461538461539e-03 2.6923076923077e-03 7.3076923076923e-03 1.9711538461538e-02 1.7692307692308e-02 4.9038461538462e-03 4.1346153846154e-03 5.8653846153846e-03 1.7211538461538e-02 2.3076923076923e-03 2.2115384615385e-03 4.8076923076923e-03 3.5576923076923e-03 1.2500000000000e-03 9.6153846153846e-03 1.1240384615385e-01 6.8894230769231e-01 
48 5.2500000000000e-03 2.7500000000000e-03 1.8250000000000e-02 1.4000000000000e-02 6.0000000000000e-03 1.0000000000000e-02 2.5000000000000e-03 3.7500000000000e-03 2.7500000000000e-03 2.7500000000000e-03 5.7500000000000e-03 2.6750000000000e-02 3.3000000000000e-02 2.5000000000000e-03 2.7500000000000e-03 1.3000000000000e-02 4.0000000000000e-03 9.2500000000000e-03 3.2500000000000e-03 4.5750000000000e-02 3.7500000000000e-03 5.7500000000000e-03 2.5000000000000e-03 3.2500000000000e-03 4.7500000000000e-03 3.0000000000000e-03 2.5000000000000e-02 2.7500000000000e-03 4.0000000000000e-03 7.3125000000000e-01 
49 2.5000000000000e-03 2.5000000000000e-03 3.0357142857143e-03 2.3214285714286e-03 2.1428571428571e-03 5.1785714285714e-03 2.5000000000000e-03 2.5000000000000e-03 8.2142857142857e-03 5.5357142857143e-03 2.3214285714286e-03 2.1428571428571e-03 3.3928571428571e-03 1.7857142857143e-03 2.1428571428571e-03 3.0357142857143e-03 1.9642857142857e-03 1.9642857142857e-03 2.6785714285714e-03 3.7500000000000e-03 2.1428571428571e-03 3.5714285714286e-03 2.3214285714286e-03 5.7142857142857e-03 1.7857142857143e-03 3.0357142857143e-03 1.7857142857143e-03 1.9642857142857e-03 2.4107142857143e-01 6.7500000000000e-01 
50 2.0000000000000e-03 3.2727272727273e-03 1.8181818181818e-03 2.9090909090909e-03 3.8181818181818e-03 2.0000000000000e-03 2.5454545454545e-03 2.5454545454545e-03 2.1818181818182e-03 3.2727272727273e-03 2.7272727272727e-03 2.1818181818182e-03 2.1818181818182e-03 2.1818181818182e-03 2.2000000000000e-02 2.7272727272727e-03 2.2545454545455e-02 1.8181818181818e-03 2.0909090909091e-02 4.0000000000000e-03 2.0000000000000e-03 2.3636363636364e-03 3.0909090909091e-03 3.4545454545455e-03 3.8181818181818e-03 2.0000000000000e-03 3.4545454545455e-03 2.1818181818182e-03 3.4545454545455e-03 8.6454545454545e-01 
51 2.3809523809524e-03 1.7460317460317e-03 2.3809523809524e-03 1.7460317460317e-03 2.0634920634921e-03 2.8571428571429e-03 2.0634920634921e-03 2.6984126984127e-03 4.4444444444444e-03 7.4126984126984e-02 2.0634920634921e-03 4.9206349206349e-03 1.7460317460317e-03 1.9047619047619e-03 4.4444444444444e-03 1.1111111111111e-02 3.6507936507937e-03 8.0952380952381e-03 2.0634920634921e-03 5.7619047619048e-02 4.1269841269841e-03 5.3968253968254e-03 2.8571428571429e-03 2.6984126984127e-03 7.3015873015873e-03 1.5873015873016e-03 2.0634920634921e-03 3.9682539682540e-03 1.7460317460317e-03 7.7412698412698e-01 
52 6.9072164948454e-03 6.6494845360825e-02 5.5670103092783e-03 3.9278350515464e-02 8.9690721649485e-03 4.0206185567010e-03 3.2989690721649e-03 1.3402061855670e-03 4.1237113402062e-03 3.4226804123711e-02 1.5773195876289e-02 1.8556701030928e-03 1.8556701030928e-03 5.8762886597938e-03 7.4226804123711e-03 1.5463917525773e-03 4.6391752577320e-03 1.5463917525773e-03 1.1134020618557e-02 1.9587628865979e-03 5.5670103092783e-03 3.2886597938144e-02 1.5463917525773e-03 3.2989690721649e-03 2.2680412371134e-03 3.5051546391753e-03 5.6701030927835e-03 1.6701030927835e-02 4.8453608247423e-03 6.9587628865979e-01 
53 1.6190476190476e-03 2.3809523809524e-03 1.6190476190476e-03 3.7714285714286e-02 2.4761904761905e-03 2.5714285714286e-03 8.6666666666667e-03 2.7619047619048e-03 2.2857142857143e-03 3.8095238095238e-03 3.2380952380952e-03 6.9523809523809e-03 1.4285714285714e-03 1.8095238095238e-03 1.7142857142857e-03 2.5428571428571e-02 1.4285714285714e-03 3.6190476190476e-03 4.3809523809524e-03 2.0952380952381e-03 5.2380952380952e-03 3.4285714285714e-03 2.3809523809524e-03 3.2380952380952e-02 2.4761904761905e-03 8.3809523809524e-03 1.2095238095238e-02 5.1428571428571e-03 6.7619047619048e-03 8.0371428571429e-01 
54 3.9423076923077e-03 7.0192307692308e-03 1.6346153846154e-03 2.2115384615385e-03 3.4615384615385e-03 6.6538461538462e-02 3.3653846153846e-03 1.8269230769231e-03 9.7115384615384e-03 3.1634615384615e-02 2.7884615384615e-03 2.0192307692308e-03 4.2019230769231e-02 2.5961538461539e-03 2.0576923076923e-02 2.1153846153846e-03 2.2115384615385e-03 2.5000000000000e-03 7.4038461538462e-03 1.0961538461538e-02 2.8846153846154e-03 8.4615384615385e-03 1.1442307692308e-02 7.2115384615385e-03 3.9423076923077e-03 4.8076923076923e-03 2.7884615384615e-03 3.1730769230769e-03 3.4615384615385e-03 7.2528846153846e-01 
55 1.1206896551724e-03 1.8965517241379e-03 1.0344827586207e-03 1.8965517241379e-03 3.8189655172414e-02 1.2931034482759e-03 3.6206896551724e-03 1.0344827586207e-03 1.2068965517241e-03 1.0344827586207e-03 1.6379310344828e-03 1.9827586206897e-03 2.2413793103448e-03 8.6206896551724e-04 1.2068965517241e-03 1.0948275862069e-02 9.4827586206896e-04 6.8965517241379e-03 2.3706896551724e-02 1.7241379310345e-03 2.5862068965517e-03 2.6724137931034e-03 1.3793103448276e-03 2.5000000000000e-03 1.2068965517241e-03 1.3793103448276e-03 1.9827586206897e-03 1.4655172413793e-03 1.2068965517241e-03 8.7913793103448e-01 
56 2.9729729729730e-03 2.9729729729730e-03 3.2432432432432e-03 3.5135135135135e-03 2.7027027027027e-03 3.5135135135135e-03 2.7027027027027e-03 3.5135135135135e-03 3.2432432432432e-03 2.9729729729730e-03 2.9729729729730e-03 3.2432432432432e-03 3.5135135135135e-03 3.5135135135135e-03 2.7027027027027e-03 2.3243243243243e-02 3.2432432432432e-03 6.2162162162162e-03 1.2702702702703e-02 4.0540540540541e-03 6.7567567567568e-03 2.7027027027027e-03 4.5945945945946e-03 2.9729729729730e-03 2.7027027027027e-03 2.9729729729730e-03 4.8648648648649e-03 3.2432432432432e-03 2.9729729729730e-03 8.6945945945946e-01 
57 2.0353982300885e-03 2.3893805309735e-03 1.5044247787611e-03 9.9557522123894e-02 1.5929203539823e-03 2.0353982300885e-03 2.1238938053097e-03 4.4247787610620e-03 7.1681415929204e-03 1.5044247787611e-03 2.6548672566372e-03 9.6460176991151e-03 1.1504424778761e-03 4.2477876106195e-03 5.9292035398230e-03 1.4159292035398e-03 5.9292035398230e-03 3.6283185840708e-03 7.9646017699115e-03 4.8672566371681e-03 5.9292035398230e-03 2.6548672566372e-03 3.4513274336283e-03 2.6371681415929e-02 1.3274336283186e-03 9.5575221238938e-03 2.3008849557522e-03 3.5398230088496e-03 3.5398230088496e-03 7.6955752212389e-01 
58 2.2115384615385e-03 6.5384615384616e-03 2.9038461538462e-02 3.2692307692308e-03 1.0663461538462e-01 1.8269230769231e-03 4.3269230769231e-03 2.1153846153846e-03 4.7115384615385e-03 1.7500000000000e-02 4.7115384615385e-03 3.0769230769231e-03 2.1153846153846e-03 1.1250000000000e-02 2.4038461538462e-03 1.6346153846154e-03 1.5192307692308e-02 4.0384615384615e-03 3.1730769230769e-03 1.5384615384615e-03 9.0865384615385e-02 1.0192307692308e-02 2.2115384615385e-03 1.5480769230769e-02 2.0192307692308e-03 2.0192307692308e-03 1.3461538461538e-03 9.5192307692308e-03 3.7500000000000e-03 6.3528846153846e-01 
59 8.5714285714286e-03 8.5714285714286e-03 7.1428571428571e-03 7.8571428571428e-03 1.2857142857143e-02 7.8571428571428e-03 7.8571428571428e-03 9.2857142857143e-03 8.5714285714286e-03 1.2857142857143e-02 7.8571428571428e-03 1.2142857142857e-02 1.0714285714286e-02 1.0000000000000e-02 7.8571428571428e-03 7.1428571428571e-03 7.8571428571428e-03 1.0000000000000e-02 7.8571428571428e-03 7.8571428571428e-03 1.1428571428571e-02 7.1428571428571e-03 7.1428571428571e-03 1.0000000000000e-02 7.1428571428571e-03 5.7857142857143e-02 2.7857142857143e-02 2.5714285714286e-02 7.1428571428571e-03 6.5785714285714e-01 
60 1.0909090909091e-02 1.0909090909091e-02 9.0909090909091e-03 9.0909090909091e-03 1.0000000000000e-02 1.1818181818182e-02 9.0909090909091e-03 9.0909090909091e-03 1.0000000000000e-02 9.0909090909091e-03 9.0909090909091e-03 1.0000000000000e-02 1.0909090909091e-02 9.0909090909091e-03 1.1818181818182e-02 1.0909090909091e-02 9.0909090909091e-03 1.0000000000000e-02 1.0000000000000e-02 9.0909090909091e-03 1.1818181818182e-02 9.0909090909091e-03 9.0909090909091e-03 9.0909090909091e-03 1.0909090909091e-02 9.0909090909091e-03 1.0000000000000e-02 9.0909090909091e-03 9.0909090909091e-03 7.1363636363636e-01 
61 2.3300970873786e-03 9.0291262135922e-03 1.1650485436893e-03 2.6504854368932e-02 1.3592233009709e-03 4.9514563106796e-03 7.0873786407767e-03 1.1650485436893e-03 4.3689320388350e-03 1.8446601941748e-03 3.7864077669903e-03 2.0485436893204e-02 1.3592233009709e-03 2.3300970873786e-03 2.1359223300971e-03 3.7864077669903e-03 5.8252427184466e-03 1.9417475728155e-03 4.0776699029126e-03 5.4368932038835e-03 2.3300970873786e-03 2.2330097087379e-03 9.2912621359223e-02 3.4951456310680e-03 4.2718446601942e-03 1.2815533980583e-02 2.4951456310680e-02 1.7475728155340e-03 5.2427184466020e-03 7.3902912621359e-01 
62 1.4444444444444e-03 4.8888888888889e-03 8.4444444444444e-03 2.7777777777778e-03 1.6666666666667e-03 1.7777777777778e-03 2.3333333333333e-03 2.1111111111111e-03 5.7777777777778e-03 4.6666666666667e-03 2.7777777777778e-03 1.4222222222222e-02 3.0000000000000e-03 2.1111111111111e-03 3.1111111111111e-03 1.4333333333333e-02 1.8888888888889e-03 4.6666666666667e-03 8.2222222222222e-03 3.4444444444444e-03 4.1111111111111e-02 2.5555555555556e-03 2.7777777777778e-03 1.5222222222222e-02 6.2222222222222e-03 2.0555555555556e-02 2.5555555555556e-03 2.2222222222222e-03 4.5555555555556e-03 8.0855555555556e-01 
63 1.9047619047619e-03 3.1428571428571e-03 3.7142857142857e-03 3.4285714285714e-03 1.7142857142857e-03 7.9333333333333e-02 9.0476190476191e-03 1.4285714285714e-02 7.6190476190476e-03 3.5238095238095e-03 8.0952380952381e-03 3.0476190476190e-03 2.8571428571429e-03 7.0476190476190e-03 7.2380952380952e-03 3.9714285714286e-02 2.7619047619048e-03 9.5238095238095e-03 1.0095238095238e-02 8.1904761904762e-03 1.3333333333333e-03 8.5714285714286e-03 1.6190476190476e-03 3.5238095238095e-03 5.7142857142857e-03 5.6380952380952e-02 2.3809523809524e-02 1.9047619047619e-03 1.5047619047619e-02 6.5580952380952e-01 
64 1.2389380530973e-03 5.1327433628319e-03 1.5044247787611e-03 7.0796460176991e-03 2.3893805309735e-03 9.9115044247788e-03 2.1238938053097e-03 1.5044247787611e-03 1.1504424778761e-03 1.5044247787611e-03 1.5044247787611e-03 2.7433628318584e-03 1.5929203539823e-03 7.3008849557522e-02 3.8053097345133e-03 7.6991150442478e-03 3.0884955752212e-02 3.4513274336283e-03 1.1946902654867e-02 8.3185840707965e-03 1.5044247787611e-03 5.4867256637168e-03 2.8318584070796e-03 3.7168141592920e-03 1.5044247787611e-03 3.0973451327434e-03 2.1238938053097e-03 1.1504424778761e-03 1.0619469026549e-03 7.9902654867257e-01 
65 3.5064935064935e-03 9.2207792207792e-03 2.5974025974026e-03 8.7012987012987e-03 5.7142857142857e-03 1.3506493506493e-02 1.1038961038961e-02 5.8441558441558e-03 2.8571428571429e-03 1.1688311688312e-02 5.3246753246753e-03 1.0649350649351e-02 4.6753246753247e-03 2.3376623376623e-03 5.8441558441558e-03 1.4415584415584e-02 1.4285714285714e-03 1.8441558441558e-02 4.6753246753247e-03 3.7662337662338e-03 2.7272727272727e-03 5.1948051948052e-03 2.8571428571429e-03 3.1168831168831e-03 2.4675324675325e-03 1.6103896103896e-02 8.4415584415585e-03 3.5064935064935e-03 1.2727272727273e-02 7.9662337662338e-01 
