0 3.6448863636364e-02 3.6789772727273e-02 3.6846590909091e-02 4.4943181818182e-02 3.9034090909091e-02 3.5085227272727e-02 3.5369318181818e-02 3.6250000000000e-02 3.4971590909091e-02 3.3409090909091e-02 3.5596590909091e-02 4.1505681818182e-02 4.0937500000000e-02 4.4147727272727e-02 3.8096590909091e-02 3.8267045454545e-02 4.3977272727273e-02 4.1193181818182e-02 4.4431818181818e-02 3.5710227272727e-02 4.4943181818182e-02 4.9034090909091e-02 3.8693181818182e-02 4.6988636363636e-02 4.7329545454545e-02 
1 5.2582582582583e-02 3.4924924924925e-02 3.5255255255255e-02 3.3063063063063e-02 3.2102102102102e-02 3.3723723723724e-02 3.3963963963964e-02 3.1891891891892e-02 3.3723723723724e-02 3.8828828828829e-02 4.1381381381381e-02 3.8048048048048e-02 3.6426426426426e-02 3.6726726726727e-02 3.4024024024024e-02 4.6606606606607e-02 4.7087087087087e-02 3.7087087087087e-02 3.3663663663664e-02 3.2882882882883e-02 3.4414414414414e-02 3.9729729729730e-02 3.1651651651652e-02 1.0579579579580e-01 4.4414414414414e-02 
2 3.7598566308244e-02 3.8709677419355e-02 3.8637992831541e-02 4.0716845878136e-02 3.9390681003584e-02 3.8351254480287e-02 4.4516129032258e-02 3.6881720430108e-02 3.8637992831541e-02 3.8960573476703e-02 3.7096774193548e-02 3.9283154121864e-02 4.0000000000000e-02 3.6774193548387e-02 4.0394265232975e-02 3.7849462365591e-02 3.6702508960573e-02 4.0000000000000e-02 4.0931899641577e-02 4.0250896057348e-02 4.7168458781362e-02 4.2831541218638e-02 5.1397849462366e-02 3.8279569892473e-02 3.8637992831541e-02 
3 3.7619047619048e-02 4.1204481792717e-02 3.5098039215686e-02 3.3529411764706e-02 3.4537815126050e-02 3.4005602240896e-02 3.9439775910364e-02 3.5798319327731e-02 3.5182072829132e-02 3.4005602240896e-02 3.8599439775910e-02 3.6302521008403e-02 3.3977591036415e-02 3.6498599439776e-02 3.5238095238095e-02 3.7647058823529e-02 4.1232492997199e-02 3.5882352941177e-02 4.3893557422969e-02 3.7983193277311e-02 4.2268907563025e-02 5.0140056022409e-02 3.8879551820728e-02 5.2128851540616e-02 7.8907563025210e-02 
4 3.5303514376997e-02 3.5047923322684e-02 3.3897763578275e-02 3.3929712460064e-02 3.4760383386581e-02 3.8626198083067e-02 3.6038338658147e-02 3.7252396166134e-02 3.6996805111821e-02 3.9105431309904e-02 3.6166134185303e-02 3.4057507987220e-02 3.6677316293930e-02 4.2268370607029e-02 3.5431309904153e-02 4.2555910543131e-02 3.4824281150160e-02 4.0063897763578e-02 4.0638977635783e-02 4.6453674121406e-02 3.9904153354633e-02 7.5686900958466e-02 4.3610223642173e-02 4.6198083067093e-02 4.4504792332268e-02 
5 3.7951482479784e-02 3.3584905660377e-02 3.7061994609164e-02 3.7061994609164e-02 4.0026954177898e-02 3.9865229110512e-02 3.4312668463612e-02 3.4312668463612e-02 3.6603773584906e-02 3.8032345013477e-02 3.7816711590296e-02 3.6172506738544e-02 3.1832884097035e-02 3.4420485175202e-02 3.9892183288410e-02 4.5606469002695e-02 4.5498652291105e-02 4.4528301886793e-02 3.8840970350404e-02 4.4797843665768e-02 3.8247978436658e-02 4.6711590296496e-02 3.6765498652291e-02 5.5013477088949e-02 5.5040431266846e-02 
6 3.6395348837209e-02 3.8372093023256e-02 3.7093023255814e-02 3.5668604651163e-02 3.7616279069767e-02 3.6482558139535e-02 3.5203488372093e-02 3.6976744186047e-02 3.9389534883721e-02 3.9273255813953e-02 3.5465116279070e-02 3.6744186046512e-02 3.7645348837209e-02 3.6017441860465e-02 3.7558139534884e-02 3.9186046511628e-02 3.8401162790698e-02 4.1337209302326e-02 4.2819767441860e-02 3.7529069767442e-02 4.1366279069767e-02 4.1976744186046e-02 5.8168604651163e-02 4.9709302325581e-02 5.3604651162791e-02 
7 3.5431309904153e-02 3.6900958466454e-02 3.4824281150160e-02 3.6932907348243e-02 3.7667731629393e-02 3.8466453674121e-02 3.6964856230032e-02 3.4153354632588e-02 3.9776357827476e-02 3.6964856230032e-02 5.1182108626198e-02 4.9041533546326e-02 3.5527156549521e-02 3.9041533546326e-02 3.9265175718850e-02 3.7060702875399e-02 3.7444089456869e-02 3.7188498402556e-02 4.1405750798722e-02 3.5047923322684e-02 4.1469648562300e-02 5.2843450479233e-02 3.5303514376997e-02 4.7220447284345e-02 5.2875399361022e-02 
8 3.4957983193277e-02 3.7478991596639e-02 3.4201680672269e-02 4.0476190476190e-02 3.6050420168067e-02 3.5350140056022e-02 3.7114845938375e-02 3.3977591036415e-02 3.3165266106443e-02 3.3921568627451e-02 3.7030812324930e-02 4.3389355742297e-02 3.8067226890756e-02 3.8263305322129e-02 4.0364145658263e-02 3.5882352941176e-02 3.5070028011205e-02 3.5070028011205e-02 3.9047619047619e-02 4.0280112044818e-02 4.3277310924370e-02 4.3697478991597e-02 5.6386554621849e-02 5.6106442577031e-02 6.1372549019608e-02 
9 3.2619718309859e-02 3.4056338028169e-02 3.3943661971831e-02 3.2591549295775e-02 2.9774647887324e-02 3.3380281690141e-02 3.4873239436620e-02 3.6028169014084e-02 3.6140845070423e-02 3.3352112676056e-02 3.3436619718310e-02 3.6000000000000e-02 3.5070422535211e-02 3.6732394366197e-02 3.9239436619718e-02 3.7492957746479e-02 3.1154929577465e-02 4.0957746478873e-02 4.1126760563380e-02 5.1802816901408e-02 4.1380281690141e-02 4.5802816901408e-02 5.6140845070423e-02 7.5239436619718e-02 6.1661971830986e-02 
10 3.6346153846154e-02 4.0000000000000e-02 3.7884615384615e-02 3.3818681318681e-02 3.6840659340659e-02 3.6016483516484e-02 3.8571428571429e-02 3.8708791208791e-02 4.1346153846154e-02 3.7060439560440e-02 3.6126373626374e-02 3.3434065934066e-02 3.9917582417582e-02 4.2362637362637e-02 3.7884615384615e-02 3.3708791208791e-02 3.9697802197802e-02 4.0604395604396e-02 4.5329670329670e-02 4.1785714285714e-02 4.3598901098901e-02 4.2252747252747e-02 4.4258241758242e-02 4.6730769230769e-02 5.5714285714286e-02 
11 3.3806818181818e-02 3.4318181818182e-02 3.4602272727273e-02 3.6875000000000e-02 3.9147727272727e-02 3.4375000000000e-02 3.5539772727273e-02 3.9715909090909e-02 4.2613636363636e-02 3.6335227272727e-02 3.7414772727273e-02 3.3522727272727e-02 3.7187500000000e-02 3.6875000000000e-02 3.3948863636364e-02 3.4375000000000e-02 3.7443181818182e-02 3.4687500000000e-02 3.8380681818182e-02 4.5227272727273e-02 4.2954545454545e-02 4.5000000000000e-02 4.9886363636364e-02 6.0823863636364e-02 6.4943181818182e-02 
12 3.9857954545455e-02 3.5767045454545e-02 3.5795454545455e-02 3.8607954545455e-02 3.5539772727273e-02 3.3068181818182e-02 3.5482954545455e-02 3.4630681818182e-02 3.8948863636364e-02 3.3380681818182e-02 4.2897727272727e-02 3.3551136363636e-02 3.9545454545455e-02 3.9659090909091e-02 3.6875000000000e-02 3.9176136363636e-02 3.6505681818182e-02 3.8238636363636e-02 3.9119318181818e-02 4.3352272727273e-02 4.9886363636364e-02 4.7073863636364e-02 5.3153409090909e-02 4.0852272727273e-02 5.9034090909091e-02 
13 3.7326732673267e-02 3.8019801980198e-02 3.7194719471947e-02 3.7590759075908e-02 4.1122112211221e-02 3.5742574257426e-02 3.7953795379538e-02 3.9273927392739e-02 3.6171617161716e-02 3.7656765676568e-02 4.6105610561056e-02 4.3036303630363e-02 3.6204620462046e-02 4.4059405940594e-02 3.7854785478548e-02 3.9900990099010e-02 3.6996699669967e-02 4.1782178217822e-02 4.1518151815182e-02 4.9306930693069e-02 4.2937293729373e-02 3.8613861386139e-02 3.9636963696370e-02 3.6765676567657e-02 4.7227722772277e-02 
14 3.9582172701950e-02 3.3844011142061e-02 3.8885793871866e-02 3.4150417827298e-02 3.5543175487465e-02 3.9526462395543e-02 3.8272980501393e-02 3.6128133704735e-02 3.7743732590529e-02 3.5543175487465e-02 3.7493036211699e-02 3.4512534818942e-02 3.6573816155989e-02 3.9860724233983e-02 3.3370473537604e-02 3.9052924791086e-02 3.4568245125348e-02 3.9721448467967e-02 4.5041782729805e-02 4.3593314763231e-02 4.7409470752089e-02 4.6935933147632e-02 3.9832869080780e-02 5.8802228412256e-02 5.4011142061281e-02 
15 3.6060606060606e-02 3.5117845117845e-02 3.8754208754209e-02 3.6599326599327e-02 3.4915824915825e-02 3.6565656565657e-02 3.5892255892256e-02 3.4579124579125e-02 3.5757575757576e-02 4.5791245791246e-02 4.4343434343434e-02 4.5151515151515e-02 3.6734006734007e-02 3.5622895622896e-02 3.7340067340067e-02 3.6127946127946e-02 3.6835016835017e-02 3.9461279461279e-02 5.9393939393939e-02 3.7003367003367e-02 3.6397306397306e-02 4.9562289562290e-02 3.4377104377104e-02 5.2255892255892e-02 4.9360269360269e-02 
16 3.5481049562682e-02 3.4285714285714e-02 3.3090379008746e-02 3.6064139941691e-02 3.7696793002915e-02 3.4431486880466e-02 3.4169096209913e-02 3.3760932944606e-02 3.6559766763848e-02 3.4256559766764e-02 3.4548104956268e-02 3.4489795918367e-02 3.2973760932945e-02 3.5422740524781e-02 3.9241982507289e-02 3.6705539358601e-02 3.6180758017493e-02 4.5743440233236e-02 4.6005830903790e-02 3.8279883381924e-02 4.0845481049563e-02 4.2099125364432e-02 5.5218658892128e-02 5.5510204081633e-02 7.6938775510204e-02 
17 3.7959183673469e-02 3.6020408163265e-02 3.6666666666667e-02 3.6802721088435e-02 3.7687074829932e-02 3.7619047619048e-02 3.9965986394558e-02 3.7857142857143e-02 3.5748299319728e-02 3.6564625850340e-02 3.7891156462585e-02 3.9863945578231e-02 3.5578231292517e-02 3.8843537414966e-02 3.4965986394558e-02 3.8129251700680e-02 3.6870748299320e-02 3.8435374149660e-02 4.4557823129252e-02 4.5816326530612e-02 3.5340136054422e-02 5.0646258503401e-02 3.9795918367347e-02 5.2074829931973e-02 5.8299319727891e-02 
18 3.5041551246537e-02 3.3878116343490e-02 3.6343490304709e-02 3.5429362880886e-02 3.3656509695291e-02 3.7590027700831e-02 3.4570637119114e-02 3.4044321329640e-02 3.7811634349030e-02 3.5844875346260e-02 3.8531855955679e-02 4.1135734072022e-02 3.2520775623269e-02 3.3850415512465e-02 3.9944598337950e-02 4.1911357340720e-02 3.9390581717452e-02 3.9722991689751e-02 4.2631578947368e-02 4.0803324099723e-02 3.8947368421053e-02 5.6038781163435e-02 5.1495844875346e-02 6.0470914127424e-02 4.8393351800554e-02 
19 3.3474320241692e-02 3.5347432024169e-02 4.4199395770393e-02 3.2054380664653e-02 3.4622356495468e-02 3.7039274924471e-02 3.5498489425982e-02 4.0241691842900e-02 3.6616314199396e-02 3.8489425981873e-02 3.6525679758308e-02 3.5981873111782e-02 3.8187311178248e-02 4.3867069486405e-02 3.7522658610272e-02 3.6495468277946e-02 3.5649546827795e-02 4.9033232628399e-02 5.2265861027190e-02 4.8217522658610e-02 4.3534743202417e-02 4.6374622356495e-02 3.9607250755287e-02 5.2054380664653e-02 3.7099697885196e-02 
20 3.9601139601140e-02 4.3789173789174e-02 3.3418803418803e-02 3.8461538461538e-02 3.6695156695157e-02 3.5925925925926e-02 3.7065527065527e-02 3.7948717948718e-02 3.7663817663818e-02 3.4928774928775e-02 3.7264957264957e-02 3.8547008547009e-02 4.1538461538461e-02 4.2535612535613e-02 4.0683760683761e-02 3.9059829059829e-02 3.9373219373219e-02 4.1965811965812e-02 4.3390313390313e-02 4.0655270655271e-02 4.2877492877493e-02 4.0911680911681e-02 4.0427350427350e-02 5.4216524216524e-02 4.1054131054131e-02 
21 3.7124183006536e-02 3.9607843137255e-02 3.7352941176471e-02 3.5424836601307e-02 3.5947712418301e-02 3.6601307189543e-02 4.0457516339869e-02 3.6633986928105e-02 3.9084967320261e-02 3.7091503267974e-02 3.9607843137255e-02 3.5686274509804e-02 3.8202614379085e-02 3.9248366013072e-02 3.7843137254902e-02 3.7418300653595e-02 3.5718954248366e-02 5.7875816993464e-02 4.8267973856209e-02 3.7385620915033e-02 4.6013071895425e-02 4.5000000000000e-02 4.6666666666667e-02 3.9607843137255e-02 4.0130718954248e-02 
22 3.6933797909408e-02 3.7108013937282e-02 3.6689895470383e-02 3.6341463414634e-02 3.7073170731707e-02 3.6864111498258e-02 3.5818815331010e-02 3.6968641114983e-02 3.6411149825784e-02 3.5331010452962e-02 3.9790940766551e-02 4.5087108013937e-02 4.4390243902439e-02 4.1289198606272e-02 3.8222996515679e-02 3.8815331010453e-02 4.8675958188153e-02 3.6759581881533e-02 3.9128919860627e-02 4.0174216027875e-02 4.2682926829268e-02 4.8710801393728e-02 4.8641114982578e-02 3.8397212543554e-02 4.3693379790941e-02 
23 3.6179104477612e-02 3.3014925373134e-02 3.2059701492537e-02 3.2208955223881e-02 3.4328358208955e-02 3.6000000000000e-02 3.1701492537313e-02 3.3104477611940e-02 3.4716417910448e-02 3.2567164179105e-02 3.3462686567164e-02 3.4358208955224e-02 3.3970149253731e-02 3.4238805970149e-02 3.8895522388060e-02 4.0835820895522e-02 5.8149253731343e-02 6.1462686567164e-02 4.6835820895522e-02 7.1970149253731e-02 4.0776119402985e-02 3.5582089552239e-02 5.4567164179104e-02 3.9850746268657e-02 3.9164179104478e-02 
24 3.7444444444444e-02 3.3805555555556e-02 3.5750000000000e-02 3.7777777777778e-02 3.6361111111111e-02 3.7055555555556e-02 3.4611111111111e-02 3.6583333333333e-02 3.8805555555556e-02 3.9416666666667e-02 3.5111111111111e-02 3.7361111111111e-02 3.8194444444444e-02 3.4027777777778e-02 3.6611111111111e-02 4.2333333333333e-02 3.9444444444444e-02 3.9666666666667e-02 4.4888888888889e-02 3.8111111111111e-02 4.6277777777778e-02 4.1666666666667e-02 4.4611111111111e-02 5.5666666666667e-02 5.8416666666667e-02 
25 3.8556338028169e-02 3.7922535211268e-02 3.7288732394366e-02 3.7218309859155e-02 3.7112676056338e-02 3.7394366197183e-02 3.8204225352113e-02 3.7253521126761e-02 3.7605633802817e-02 3.5915492957746e-02 3.8697183098592e-02 3.7746478873239e-02 3.7429577464789e-02 3.5915492957746e-02 3.6232394366197e-02 4.2535211267606e-02 4.1584507042254e-02 5.9612676056338e-02 3.8661971830986e-02 4.0633802816901e-02 3.9154929577465e-02 3.7323943661972e-02 4.3415492957746e-02 5.1408450704225e-02 4.5176056338028e-02 
26 3.6112676056338e-02 3.6619718309859e-02 3.6591549295775e-02 3.7211267605634e-02 3.7183098591549e-02 3.5661971830986e-02 4.0253521126761e-02 3.9323943661972e-02 3.2732394366197e-02 3.7408450704225e-02 3.9014084507042e-02 3.4929577464789e-02 3.9183098591549e-02 4.1549295774648e-02 4.0760563380282e-02 3.8535211267606e-02 4.1042253521127e-02 4.0084507042254e-02 4.3718309859155e-02 4.1661971830986e-02 5.0394366197183e-02 4.1802816901408e-02 3.7352112676056e-02 4.3492957746479e-02 5.7380281690141e-02 
27 4.0886524822695e-02 3.7056737588652e-02 3.7127659574468e-02 3.8439716312057e-02 3.7127659574468e-02 3.6702127659574e-02 3.7553191489362e-02 3.9148936170213e-02 3.7304964539007e-02 3.9007092198582e-02 3.8865248226950e-02 3.9255319148936e-02 3.5957446808511e-02 4.3617021276596e-02 3.9219858156028e-02 3.8120567375887e-02 4.4255319148936e-02 4.2127659574468e-02 4.3687943262411e-02 3.8120567375887e-02 3.8865248226950e-02 3.5815602836879e-02 3.9929078014184e-02 4.7978723404255e-02 5.3829787234043e-02 
28 3.6611842105263e-02 3.5493421052632e-02 3.5230263157895e-02 3.9046052631579e-02 3.9572368421053e-02 3.7565789473684e-02 3.5953947368421e-02 3.8717105263158e-02 3.6315789473684e-02 3.5625000000000e-02 3.7598684210526e-02 4.1743421052632e-02 3.9078947368421e-02 3.6315789473684e-02 3.9802631578947e-02 4.3388157894737e-02 4.6578947368421e-02 3.5526315789474e-02 4.0789473684210e-02 3.7730263157895e-02 3.8815789473684e-02 4.8223684210526e-02 4.1644736842105e-02 4.7302631578947e-02 5.5328947368421e-02 
29 3.5566343042071e-02 3.5307443365696e-02 4.4983818770227e-02 3.4919093851133e-02 4.0194174757282e-02 3.8414239482201e-02 3.7734627831715e-02 4.0841423948220e-02 3.8349514563107e-02 3.6181229773463e-02 3.4627831715210e-02 3.9352750809061e-02 3.9935275080906e-02 3.6472491909385e-02 3.8284789644013e-02 4.0517799352751e-02 4.0517799352751e-02 3.8640776699029e-02 3.8737864077670e-02 3.9773462783172e-02 4.4368932038835e-02 4.3721682847896e-02 4.4174757281553e-02 5.0453074433657e-02 4.7928802588997e-02 
30 3.7027972027972e-02 3.7307692307692e-02 3.8391608391608e-02 3.7027972027972e-02 3.7307692307692e-02 3.7937062937063e-02 3.9335664335664e-02 3.7902097902098e-02 3.5559440559441e-02 3.6538461538462e-02 3.8006993006993e-02 4.3146853146853e-02 3.6258741258741e-02 4.4545454545455e-02 3.6853146853147e-02 3.9195804195804e-02 4.1258741258741e-02 3.5874125874126e-02 4.7902097902098e-02 4.8531468531469e-02 5.0559440559441e-02 4.3986013986014e-02 3.5909090909091e-02 4.6083916083916e-02 3.7552447552448e-02 
31 3.6064139941691e-02 3.9591836734694e-02 3.5014577259475e-02 3.8571428571429e-02 3.4227405247813e-02 3.7988338192420e-02 3.7609329446064e-02 3.6326530612245e-02 3.7463556851312e-02 4.1457725947522e-02 3.8804664723032e-02 3.7667638483965e-02 3.9825072886297e-02 3.5743440233236e-02 3.6793002915452e-02 4.0000000000000e-02 3.7346938775510e-02 3.8425655976676e-02 3.7492711370262e-02 4.3965014577260e-02 5.1253644314869e-02 5.0758017492711e-02 4.4752186588921e-02 4.5947521865889e-02 4.6909620991254e-02 
32 3.8801169590643e-02 3.6111111111111e-02 3.7309941520468e-02 3.4239766081871e-02 4.0146198830409e-02 4.0029239766082e-02 3.5116959064327e-02 3.5497076023392e-02 3.6549707602339e-02 3.6081871345029e-02 3.7076023391813e-02 4.2748538011696e-02 4.3538011695906e-02 3.5000000000000e-02 4.2309941520468e-02 3.5701754385965e-02 3.5760233918129e-02 3.8245614035088e-02 3.9152046783626e-02 4.1169590643275e-02 4.5000000000000e-02 3.8070175438596e-02 5.2865497076023e-02 6.2134502923977e-02 4.1345029239766e-02 
33 3.7711267605634e-02 4.6760563380282e-02 3.8380281690141e-02 3.8133802816901e-02 3.6901408450704e-02 3.6584507042254e-02 4.0845070422535e-02 3.7992957746479e-02 3.9683098591549e-02 3.9507042253521e-02 3.7288732394366e-02 3.7676056338028e-02 3.8063380281690e-02 4.0281690140845e-02 3.5457746478873e-02 3.9190140845070e-02 3.7077464788732e-02 4.4330985915493e-02 3.6584507042254e-02 3.8239436619718e-02 3.9929577464789e-02 5.4014084507042e-02 5.2218309859155e-02 4.1056338028169e-02 3.6091549295775e-02 
34 3.6741935483871e-02 3.5580645161290e-02 3.8709677419355e-02 3.8580645161290e-02 3.7419354838710e-02 3.7516129032258e-02 3.5387096774194e-02 4.0354838709677e-02 3.9258064516129e-02 4.3225806451613e-02 3.7032258064516e-02 3.5806451612903e-02 3.7000000000000e-02 3.5580645161290e-02 4.7677419354839e-02 3.9580645161290e-02 4.2774193548387e-02 3.9870967741935e-02 4.0096774193548e-02 3.4354838709677e-02 4.0451612903226e-02 5.9548387096774e-02 3.6548387096774e-02 4.1645161290323e-02 4.9258064516129e-02 
35 3.7418397626113e-02 3.4658753709199e-02 3.5252225519288e-02 3.7893175074184e-02 3.6379821958457e-02 3.6913946587537e-02 3.3056379821958e-02 3.5964391691395e-02 3.6795252225519e-02 3.4955489614243e-02 3.3026706231454e-02 3.8308605341246e-02 3.4154302670623e-02 3.7626112759644e-02 3.6854599406528e-02 3.6468842729970e-02 3.6973293768546e-02 3.9258160237389e-02 3.7626112759644e-02 4.1810089020771e-02 4.1810089020771e-02 3.9554896142433e-02 4.2878338278932e-02 5.8219584569733e-02 8.6142433234421e-02 
36 3.5571847507331e-02 3.5982404692082e-02 3.6304985337243e-02 3.6744868035191e-02 3.4750733137830e-02 3.4340175953079e-02 3.4017595307918e-02 3.3196480938416e-02 3.5542521994135e-02 3.7067448680352e-02 3.5865102639296e-02 3.4428152492669e-02 3.9442815249267e-02 3.4310850439883e-02 3.6568914956012e-02 3.5395894428153e-02 4.2082111436950e-02 3.6774193548387e-02 3.7419354838710e-02 4.3665689149560e-02 4.1994134897361e-02 4.6480938416422e-02 5.3255131964809e-02 4.8240469208211e-02 8.0557184750733e-02 
37 3.7257142857143e-02 3.4628571428571e-02 3.5200000000000e-02 3.4000000000000e-02 3.4257142857143e-02 3.5342857142857e-02 3.4171428571429e-02 4.0771428571429e-02 3.8228571428571e-02 3.5800000000000e-02 3.7171428571429e-02 3.7200000000000e-02 3.9142857142857e-02 3.7457142857143e-02 3.4457142857143e-02 4.4257142857143e-02 4.2485714285714e-02 4.2428571428571e-02 4.0228571428571e-02 3.9457142857143e-02 4.5885714285714e-02 5.3342857142857e-02 4.1857142857143e-02 4.3514285714286e-02 6.1457142857143e-02 
38 3.9527027027027e-02 3.6047297297297e-02 3.8412162162162e-02 3.8310810810811e-02 3.6655405405405e-02 3.5472972972973e-02 3.5945945945946e-02 3.9256756756757e-02 3.6891891891892e-02 3.9695945945946e-02 3.9256756756757e-02 3.8750000000000e-02 4.0033783783784e-02 3.9864864864865e-02 3.9155405405405e-02 3.6520270270270e-02 4.0304054054054e-02 4.0101351351351e-02 3.8175675675676e-02 5.2398648648649e-02 4.4459459459459e-02 5.1520270270270e-02 4.1250000000000e-02 4.2060810810811e-02 3.9932432432432e-02 
39 3.3294117647059e-02 4.0058823529412e-02 3.6823529411765e-02 3.5676470588235e-02 3.6617647058824e-02 3.5294117647059e-02 3.2941176470588e-02 3.4911764705882e-02 3.7882352941176e-02 3.6647058823529e-02 3.6088235294118e-02 3.7088235294118e-02 3.7205882352941e-02 3.7470588235294e-02 3.5294117647059e-02 3.8294117647059e-02 4.0823529411765e-02 4.2941176470588e-02 4.7294117647059e-02 3.9029411764706e-02 4.2470588235294e-02 4.0558823529412e-02 5.7558823529412e-02 5.3794117647059e-02 5.3941176470588e-02 
40 3.3776595744681e-02 3.7393617021277e-02 3.6569148936170e-02 3.4468085106383e-02 3.8882978723404e-02 3.5398936170213e-02 3.6303191489362e-02 3.5718085106383e-02 3.5984042553192e-02 3.3430851063830e-02 3.9920212765957e-02 3.5744680851064e-02 3.3909574468085e-02 4.5691489361702e-02 3.5531914893617e-02 3.7260638297872e-02 4.0771276595745e-02 4.1276595744681e-02 4.3138297872340e-02 4.3377659574468e-02 4.5638297872340e-02 4.2978723404255e-02 5.0053191489362e-02 5.6702127659574e-02 5.0079787234043e-02 
41 3.6343490304709e-02 3.4265927977839e-02 3.4487534626039e-02 3.9418282548476e-02 3.6952908587258e-02 3.4349030470914e-02 3.4016620498615e-02 3.6094182825485e-02 3.3684210526316e-02 3.3961218836565e-02 3.4182825484765e-02 3.4764542936288e-02 3.6786703601108e-02 3.9916897506925e-02 4.6315789473684e-02 3.7783933518006e-02 3.6814404432133e-02 4.3379501385042e-02 3.9113573407202e-02 4.0914127423823e-02 4.7700831024931e-02 4.0775623268698e-02 4.6481994459834e-02 5.2797783933518e-02 6.8698060941828e-02 
42 3.9927797833935e-02 4.1480144404332e-02 4.4079422382671e-02 3.7148014440433e-02 3.7039711191336e-02 3.8375451263538e-02 3.6967509025271e-02 3.7653429602888e-02 3.8989169675090e-02 3.6281588447653e-02 3.8989169675090e-02 4.4223826714801e-02 4.0722021660650e-02 4.0433212996390e-02 3.8014440433213e-02 3.7833935018051e-02 4.2527075812274e-02 4.2960288808664e-02 4.1841155234657e-02 3.7942238267148e-02 4.2238267148014e-02 4.1877256317690e-02 3.8483754512635e-02 3.8122743682310e-02 4.5848375451264e-02 
43 3.9093484419263e-02 3.5212464589235e-02 3.4447592067989e-02 3.7563739376771e-02 3.7280453257790e-02 3.5439093484419e-02 3.6883852691218e-02 3.5779036827195e-02 3.5920679886686e-02 3.6260623229462e-02 3.8300283286119e-02 3.7308781869688e-02 3.7337110481586e-02 4.0509915014164e-02 3.6175637393768e-02 3.5524079320113e-02 3.6147308781870e-02 4.1019830028329e-02 4.6543909348442e-02 4.4220963172805e-02 4.1076487252125e-02 5.6203966005666e-02 4.8526912181303e-02 4.1218130311615e-02 5.6005665722380e-02 
44 3.4801324503311e-02 3.5927152317881e-02 3.7549668874172e-02 3.5860927152318e-02 3.6887417218543e-02 3.5331125827815e-02 4.7913907284768e-02 3.9304635761589e-02 3.5000000000000e-02 3.4900662251656e-02 3.5993377483444e-02 3.8741721854305e-02 3.5761589403973e-02 3.5695364238411e-02 3.9602649006622e-02 4.6622516556291e-02 3.7682119205298e-02 4.3344370860927e-02 3.3410596026490e-02 4.6854304635761e-02 4.2615894039735e-02 4.2417218543046e-02 3.8344370860927e-02 5.0562913907285e-02 5.8874172185430e-02 
45 3.6867816091954e-02 3.3448275862069e-02 3.8362068965517e-02 3.6724137931035e-02 3.7787356321839e-02 3.6752873563218e-02 3.3994252873563e-02 3.9425287356322e-02 3.3160919540230e-02 3.9425287356322e-02 3.3333333333333e-02 3.6781609195402e-02 3.7787356321839e-02 3.6695402298851e-02 3.5948275862069e-02 3.5229885057471e-02 3.9626436781609e-02 3.8563218390805e-02 3.6982758620690e-02 5.4741379310345e-02 4.5747126436782e-02 4.2471264367816e-02 4.1350574712644e-02 4.9425287356322e-02 6.9367816091954e-02 
46 4.0830860534125e-02 3.6735905044510e-02 3.5934718100890e-02 3.6023738872404e-02 3.6557863501484e-02 3.7833827893175e-02 3.4154302670623e-02 3.5103857566766e-02 3.7448071216617e-02 3.7151335311573e-02 3.7685459940653e-02 3.6468842729970e-02 3.6112759643917e-02 3.5163204747774e-02 3.9228486646884e-02 4.1810089020772e-02 3.5014836795252e-02 4.1750741839763e-02 3.5578635014837e-02 3.9258160237389e-02 4.9970326409495e-02 4.5192878338279e-02 5.5074183976261e-02 5.2700296735905e-02 5.1216617210682e-02 
47 3.4928774928775e-02 3.5156695156695e-02 3.4786324786325e-02 3.6324786324786e-02 3.4928774928775e-02 3.4330484330484e-02 3.8490028490028e-02 3.8148148148148e-02 3.3988603988604e-02 3.4188034188034e-02 3.3190883190883e-02 3.9230769230769e-02 3.4843304843305e-02 3.8974358974359e-02 3.9430199430199e-02 3.7037037037037e-02 3.7663817663818e-02 4.1709401709402e-02 3.7806267806268e-02 4.2165242165242e-02 4.1994301994302e-02 4.2022792022792e-02 5.6809116809117e-02 5.3789173789174e-02 6.8062678062678e-02 
48 3.6480836236934e-02 3.7282229965157e-02 3.6864111498258e-02 3.6376306620209e-02 3.6271777003484e-02 3.5365853658537e-02 3.6097560975610e-02 3.7456445993031e-02 3.7700348432056e-02 3.8710801393728e-02 3.7804878048781e-02 4.0243902439024e-02 3.9616724738676e-02 3.7665505226481e-02 3.9860627177700e-02 4.2648083623693e-02 3.8222996515679e-02 4.8118466898955e-02 4.1742160278746e-02 3.9372822299652e-02 4.7108013937282e-02 4.7979094076655e-02 5.2578397212544e-02 3.7491289198606e-02 4.0940766550523e-02 
49 3.6468646864686e-02 3.5940594059406e-02 3.6897689768977e-02 3.8118811881188e-02 3.4884488448845e-02 3.8151815181518e-02 3.7194719471947e-02 3.6171617161716e-02 3.7986798679868e-02 3.4356435643564e-02 4.4059405940594e-02 3.7326732673267e-02 5.8349834983498e-02 3.6633663366337e-02 4.1782178217822e-02 3.8613861386139e-02 3.8085808580858e-02 3.5148514851485e-02 5.4356435643564e-02 4.3531353135314e-02 3.8382838283828e-02 3.8349834983498e-02 3.9240924092409e-02 3.8085808580858e-02 5.1881188118812e-02 
50 3.7350993377483e-02 3.5993377483444e-02 3.7549668874172e-02 4.4205298013245e-02 3.5198675496689e-02 3.9933774834437e-02 3.8410596026490e-02 3.6688741721854e-02 3.4900662251656e-02 3.5397350993377e-02 3.5231788079470e-02 3.4735099337748e-02 3.9039735099338e-02 4.0331125827815e-02 3.7682119205298e-02 3.9271523178808e-02 4.0000000000000e-02 3.9536423841060e-02 4.4006622516556e-02 3.7748344370861e-02 4.1092715231788e-02 5.5099337748344e-02 4.2582781456954e-02 3.9768211920530e-02 5.8245033112583e-02 
51 3.6032258064516e-02 3.5967741935484e-02 3.5838709677419e-02 3.4967741935484e-02 3.4322580645161e-02 3.8161290322581e-02 3.6064516129032e-02 3.6000000000000e-02 3.4451612903226e-02 3.4451612903226e-02 3.9096774193548e-02 3.9612903225806e-02 5.3161290322581e-02 3.9161290322581e-02 4.2709677419355e-02 4.3838709677419e-02 4.8838709677419e-02 3.4903225806452e-02 3.7516129032258e-02 3.5645161290323e-02 3.3677419354839e-02 4.5774193548387e-02 3.5419354838710e-02 6.1903225806452e-02 5.2483870967742e-02 
52 3.6598837209302e-02 3.7151162790698e-02 3.8575581395349e-02 3.5755813953488e-02 3.5116279069767e-02 3.6337209302326e-02 3.6453488372093e-02 3.7529069767442e-02 3.9302325581395e-02 3.5465116279070e-02 4.0668604651163e-02 3.4011627906977e-02 3.5988372093023e-02 3.8750000000000e-02 3.6250000000000e-02 4.1250000000000e-02 3.2994186046512e-02 4.3401162790698e-02 4.1802325581395e-02 3.9418604651163e-02 4.6250000000000e-02 4.4244186046512e-02 3.7151162790698e-02 4.8691860465116e-02 7.0843023255814e-02 
53 3.9545454545455e-02 3.5767045454545e-02 3.6221590909091e-02 3.2414772727273e-02 3.4801136363636e-02 3.4715909090909e-02 3.1761363636364e-02 3.2215909090909e-02 3.3409090909091e-02 3.2727272727273e-02 3.8835227272727e-02 3.7244318181818e-02 4.0198863636364e-02 3.6278409090909e-02 3.9943181818182e-02 3.6107954545455e-02 3.4204545454545e-02 4.1505681818182e-02 4.3579545454545e-02 4.3409090909091e-02 5.4318181818182e-02 4.3437500000000e-02 5.2585227272727e-02 5.8096590909091e-02 5.6676136363636e-02 
54 3.5441595441595e-02 3.6809116809117e-02 3.5441595441595e-02 3.7521367521368e-02 4.2250712250712e-02 3.7293447293447e-02 3.5213675213675e-02 3.5356125356125e-02 3.7264957264957e-02 3.9116809116809e-02 3.5555555555556e-02 3.9772079772080e-02 3.7321937321937e-02 3.5868945868946e-02 4.3105413105413e-02 4.3076923076923e-02 3.7606837606838e-02 4.4700854700855e-02 3.7692307692308e-02 4.1680911680912e-02 4.6495726495726e-02 3.9259259259259e-02 4.0712250712251e-02 5.0512820512820e-02 5.4928774928775e-02 
55 3.2506887052342e-02 3.4793388429752e-02 3.9366391184573e-02 3.4655647382920e-02 3.5730027548209e-02 3.2286501377410e-02 3.1873278236915e-02 3.5867768595041e-02 3.8154269972452e-02 3.4793388429752e-02 3.4931129476584e-02 3.7768595041322e-02 3.2672176308540e-02 3.6528925619835e-02 3.7355371900826e-02 3.7658402203857e-02 4.3911845730028e-02 4.3085399449036e-02 4.1597796143251e-02 4.9889807162534e-02 4.5068870523416e-02 4.5757575757576e-02 5.3471074380165e-02 4.6501377410468e-02 6.3774104683196e-02 
56 3.8345070422535e-02 3.7992957746479e-02 3.7605633802817e-02 3.8838028169014e-02 3.9084507042254e-02 3.8521126760563e-02 3.7957746478873e-02 3.9260563380282e-02 3.6232394366197e-02 3.7183098591549e-02 3.7500000000000e-02 3.7535211267606e-02 3.6901408450704e-02 3.9929577464789e-02 3.6866197183099e-02 3.6936619718310e-02 4.1478873239437e-02 4.0387323943662e-02 3.8661971830986e-02 4.6760563380282e-02 4.7500000000000e-02 5.2394366197183e-02 4.1971830985915e-02 3.9190140845070e-02 4.4964788732394e-02 
57 3.4194444444444e-02 3.6138888888889e-02 4.0777777777778e-02 3.7138888888889e-02 3.4666666666667e-02 3.8972222222222e-02 3.3638888888889e-02 3.8472222222222e-02 3.5250000000000e-02 3.4583333333333e-02 3.5194444444444e-02 3.5972222222222e-02 3.9611111111111e-02 3.4694444444444e-02 3.6666666666667e-02 3.7500000000000e-02 4.1472222222222e-02 4.1972222222222e-02 4.0888888888889e-02 4.4361111111111e-02 4.0111111111111e-02 3.7416666666667e-02 4.2611111111111e-02 5.6000000000000e-02 7.1694444444444e-02 
58 3.9886039886040e-02 3.7977207977208e-02 3.6638176638177e-02 3.3475783475783e-02 3.4843304843305e-02 3.9601139601140e-02 3.5783475783476e-02 3.6695156695157e-02 3.6239316239316e-02 4.2934472934473e-02 3.6210826210826e-02 3.6210826210826e-02 3.7065527065527e-02 4.2905982905983e-02 4.2649572649573e-02 4.9059829059829e-02 4.2336182336182e-02 4.0826210826211e-02 4.2564102564103e-02 4.2706552706553e-02 3.7720797720798e-02 5.0284900284900e-02 4.5071225071225e-02 4.3589743589744e-02 3.6723646723647e-02 
59 3.8467432950192e-02 3.9425287356322e-02 3.9157088122605e-02 3.9003831417625e-02 3.9463601532567e-02 4.3026819923372e-02 3.8429118773946e-02 3.8773946360153e-02 3.8582375478927e-02 3.8659003831418e-02 3.8735632183908e-02 3.8505747126437e-02 3.8390804597701e-02 3.8620689655172e-02 3.8888888888889e-02 3.8314176245211e-02 4.2145593869732e-02 3.8888888888889e-02 3.9157088122605e-02 3.8812260536398e-02 3.8429118773946e-02 3.8314176245211e-02 4.7279693486590e-02 5.0153256704981e-02 4.2375478927203e-02 
60 3.9031007751938e-02 3.8875968992248e-02 3.8837209302326e-02 3.8875968992248e-02 3.8992248062016e-02 3.8914728682171e-02 3.9031007751938e-02 3.9224806201550e-02 3.9147286821705e-02 3.9689922480620e-02 3.8914728682171e-02 4.0658914728682e-02 3.9108527131783e-02 3.9457364341085e-02 4.2596899224806e-02 3.9224806201550e-02 4.3527131782946e-02 3.9534883720930e-02 4.0193798449612e-02 4.0038759689923e-02 4.0775193798450e-02 3.9883720930233e-02 3.9379844961240e-02 4.7131782945737e-02 3.8953488372093e-02 
61 3.4942857142857e-02 3.4971428571429e-02 3.8942857142857e-02 3.3285714285714e-02 3.4600000000000e-02 3.4828571428571e-02 3.8057142857143e-02 4.1628571428571e-02 3.6914285714286e-02 3.7057142857143e-02 3.5028571428571e-02 3.3657142857143e-02 3.9257142857143e-02 3.8114285714286e-02 4.1200000000000e-02 4.3171428571429e-02 3.9314285714286e-02 3.3028571428571e-02 3.6914285714286e-02 4.5200000000000e-02 5.0057142857143e-02 3.8485714285714e-02 5.4342857142857e-02 4.6085714285714e-02 6.0914285714286e-02 
62 3.3827893175074e-02 3.4985163204748e-02 4.1483679525223e-02 3.4836795252226e-02 3.5994065281899e-02 3.7062314540059e-02 3.3293768545994e-02 4.0563798219585e-02 3.7002967359050e-02 3.5222551928783e-02 3.6439169139466e-02 3.6053412462908e-02 4.2166172106825e-02 3.5637982195846e-02 4.0652818991098e-02 3.8724035608309e-02 3.5845697329377e-02 3.8575667655786e-02 4.2166172106825e-02 4.3353115727003e-02 4.6023738872404e-02 3.9525222551929e-02 5.1572700296736e-02 4.6053412462908e-02 6.2937685459941e-02 
63 3.8465909090909e-02 4.3153409090909e-02 3.6278409090909e-02 3.6988636363636e-02 3.8068181818182e-02 3.5994318181818e-02 3.5312500000000e-02 3.6193181818182e-02 3.8011363636364e-02 3.7357954545455e-02 4.0142045454545e-02 3.4687500000000e-02 3.3948863636364e-02 4.2926136363636e-02 4.0369318181818e-02 3.5994318181818e-02 3.5000000000000e-02 4.0142045454545e-02 4.0994318181818e-02 3.6136363636364e-02 4.7642045454545e-02 3.6732954545455e-02 4.9147727272727e-02 5.5539772727273e-02 5.4772727272727e-02 
64 3.2916666666667e-02 3.4666666666667e-02 3.5583333333333e-02 3.6611111111111e-02 3.6388888888889e-02 3.6305555555556e-02 3.5638888888889e-02 3.6611111111111e-02 3.7972222222222e-02 3.6833333333333e-02 3.4500000000000e-02 3.1333333333333e-02 3.4111111111111e-02 4.0305555555556e-02 3.7888888888889e-02 3.6138888888889e-02 3.9944444444444e-02 4.0777777777778e-02 4.1388888888889e-02 4.2055555555556e-02 3.9194444444444e-02 4.8416666666667e-02 5.4777777777778e-02 6.2833333333333e-02 5.6805555555556e-02 
65 3.9104938271605e-02 4.7407407407407e-02 3.5833333333333e-02 3.5493827160494e-02 3.6327160493827e-02 3.7129629629630e-02 3.8271604938272e-02 3.6450617283951e-02 3.5956790123457e-02 3.6851851851852e-02 3.8703703703704e-02 3.5462962962963e-02 3.8919753086420e-02 3.6975308641975e-02 3.6728395061728e-02 3.8456790123457e-02 3.9783950617284e-02 4.1203703703704e-02 3.7530864197531e-02 4.5709876543210e-02 3.9320987654321e-02 3.6203703703704e-02 5.0308641975309e-02 5.7746913580247e-02 4.8117283950617e-02 
66 4.0815047021944e-02 3.3291536050157e-02 3.3291536050157e-02 3.7680250783699e-02 3.5109717868339e-02 3.5235109717868e-02 3.5235109717868e-02 4.0062695924765e-02 3.5141065830721e-02 3.3479623824451e-02 3.7899686520376e-02 3.7680250783699e-02 3.4952978056426e-02 3.5109717868339e-02 3.4858934169279e-02 3.6050156739812e-02 3.3385579937304e-02 4.0564263322884e-02 4.1943573667712e-02 3.8025078369906e-02 4.4514106583072e-02 6.6269592476489e-02 4.0156739811912e-02 6.2100313479624e-02 5.7147335423198e-02 
67 3.8375350140056e-02 3.5154061624650e-02 3.3865546218487e-02 3.9159663865546e-02 3.6050420168067e-02 3.6162464985994e-02 3.6666666666667e-02 3.8207282913165e-02 4.1232492997199e-02 3.4117647058824e-02 3.6554621848740e-02 3.5490196078431e-02 3.4985994397759e-02 3.6946778711485e-02 4.1176470588235e-02 3.4929971988796e-02 3.8515406162465e-02 3.9243697478992e-02 4.2605042016807e-02 4.0504201680672e-02 5.9047619047619e-02 5.0672268907563e-02 4.5154061624650e-02 4.1036414565826e-02 5.4145658263305e-02 
68 3.6576271186441e-02 3.7627118644068e-02 3.5728813559322e-02 4.0000000000000e-02 3.4983050847458e-02 4.0101694915254e-02 3.9661016949153e-02 3.7355932203390e-02 3.7966101694915e-02 4.2813559322034e-02 3.6440677966102e-02 4.9661016949153e-02 3.7084745762712e-02 3.7762711864407e-02 3.8610169491525e-02 3.5728813559322e-02 4.2881355932203e-02 3.5593220338983e-02 3.4406779661017e-02 4.6101694915254e-02 4.1254237288136e-02 4.6000000000000e-02 4.7661016949153e-02 4.2644067796610e-02 4.5355932203390e-02 
69 3.8481848184819e-02 3.6105610561056e-02 3.7788778877888e-02 3.4026402640264e-02 3.6303630363036e-02 3.5907590759076e-02 3.4092409240924e-02 3.4620462046205e-02 3.4422442244224e-02 3.3729372937294e-02 3.6534653465347e-02 3.4884488448845e-02 3.4785478547855e-02 4.1782178217822e-02 3.7491749174918e-02 6.4521452145215e-02 3.7260726072607e-02 3.5808580858086e-02 5.8778877887789e-02 3.7788778877888e-02 4.8778877887789e-02 3.8976897689769e-02 3.6369636963696e-02 5.4092409240924e-02 4.6666666666667e-02 
70 3.3964497041420e-02 3.4556213017752e-02 3.4319526627219e-02 3.4408284023669e-02 3.7426035502959e-02 3.5680473372781e-02 3.4911242603550e-02 3.9171597633136e-02 3.8254437869823e-02 3.8698224852071e-02 3.8047337278107e-02 3.4526627218935e-02 3.5473372781065e-02 3.5769230769231e-02 3.7810650887574e-02 4.2426035502959e-02 3.6242603550296e-02 4.4674556213018e-02 4.2899408284024e-02 3.8757396449704e-02 4.7485207100592e-02 3.7248520710059e-02 5.1745562130177e-02 5.0769230769231e-02 6.4733727810651e-02 
71 3.7628571428571e-02 3.7657142857143e-02 3.4257142857143e-02 3.4228571428571e-02 3.7314285714286e-02 3.7828571428571e-02 3.4657142857143e-02 3.8085714285714e-02 3.6800000000000e-02 3.6714285714286e-02 3.4485714285714e-02 3.5800000000000e-02 3.3371428571429e-02 3.3457142857143e-02 4.3000000000000e-02 3.9142857142857e-02 3.8542857142857e-02 4.3857142857143e-02 3.7057142857143e-02 4.5742857142857e-02 4.4400000000000e-02 3.8428571428571e-02 4.6257142857143e-02 5.5028571428571e-02 6.6257142857143e-02 
72 4.0083102493075e-02 3.6038781163435e-02 4.2105263157895e-02 4.0554016620499e-02 3.4875346260388e-02 3.3268698060942e-02 3.6398891966759e-02 3.4182825484765e-02 3.4930747922438e-02 3.4072022160665e-02 3.3795013850416e-02 4.1689750692521e-02 3.6620498614958e-02 4.3157894736842e-02 4.1246537396122e-02 3.4819944598338e-02 3.8254847645429e-02 3.7119113573407e-02 4.0110803324100e-02 4.1357340720222e-02 4.3961218836565e-02 4.8282548476454e-02 4.4459833795014e-02 4.2963988919668e-02 6.5650969529086e-02 
73 3.7073170731707e-02 3.6829268292683e-02 3.6271777003484e-02 3.7212543554007e-02 3.8013937282230e-02 3.9547038327526e-02 3.8501742160279e-02 4.0452961672474e-02 3.9059233449477e-02 3.7700348432056e-02 4.1951219512195e-02 4.0313588850174e-02 4.3414634146341e-02 3.7142857142857e-02 3.8885017421603e-02 3.5749128919861e-02 3.8222996515679e-02 3.9233449477352e-02 3.9825783972125e-02 3.7212543554007e-02 4.0662020905923e-02 3.6933797909408e-02 4.3205574912892e-02 5.6515679442509e-02 5.0069686411150e-02 
74 3.6296296296296e-02 3.5030864197531e-02 3.8148148148148e-02 3.4228395061728e-02 3.6111111111111e-02 3.6975308641975e-02 3.5493827160494e-02 3.5185185185185e-02 3.4722222222222e-02 3.7870370370370e-02 3.9197530864197e-02 3.9012345679012e-02 3.4876543209877e-02 4.1913580246914e-02 3.6327160493827e-02 3.8086419753086e-02 3.5925925925926e-02 3.8179012345679e-02 3.5956790123457e-02 3.9012345679012e-02 4.3209876543210e-02 4.0864197530864e-02 6.8333333333333e-02 5.1419753086420e-02 5.7623456790123e-02 
75 3.8949044585987e-02 3.3949044585987e-02 3.4904458598726e-02 3.3598726114650e-02 3.5573248407643e-02 4.0318471337580e-02 4.0000000000000e-02 3.7866242038217e-02 3.5573248407643e-02 4.4840764331210e-02 3.6592356687898e-02 3.5445859872611e-02 3.4458598726115e-02 4.2866242038217e-02 3.8471337579618e-02 3.5796178343949e-02 4.1783439490446e-02 5.6433121019108e-02 4.2324840764331e-02 3.9522292993631e-02 4.0159235668790e-02 4.3025477707006e-02 4.4808917197452e-02 5.4394904458599e-02 3.8343949044586e-02 
76 3.8359133126935e-02 3.6934984520124e-02 3.6253869969040e-02 4.0154798761610e-02 3.4365325077399e-02 3.8328173374613e-02 3.6965944272446e-02 3.9411764705882e-02 3.4210526315789e-02 3.6037151702786e-02 4.0557275541796e-02 3.9226006191950e-02 3.5975232198142e-02 4.2631578947368e-02 4.2662538699690e-02 4.1331269349845e-02 3.5108359133127e-02 4.6284829721362e-02 3.8854489164087e-02 4.1671826625387e-02 4.3931888544892e-02 4.1455108359133e-02 5.6470588235294e-02 4.0340557275542e-02 4.2476780185759e-02 
77 4.1928571428571e-02 3.8892857142857e-02 3.8464285714286e-02 3.9750000000000e-02 4.1892857142857e-02 3.7678571428571e-02 3.9178571428571e-02 3.7000000000000e-02 3.8107142857143e-02 3.6892857142857e-02 4.0392857142857e-02 3.7000000000000e-02 3.7571428571429e-02 4.0035714285714e-02 4.5357142857143e-02 4.0000000000000e-02 4.2250000000000e-02 3.8821428571429e-02 3.9535714285714e-02 4.3107142857143e-02 4.5035714285714e-02 4.1535714285714e-02 4.4035714285714e-02 3.7107142857143e-02 3.8428571428571e-02 
78 3.4772727272727e-02 3.4801136363636e-02 3.2386363636364e-02 4.1250000000000e-02 4.0170454545455e-02 3.9602272727273e-02 3.3806818181818e-02 3.6732954545455e-02 3.3892045454545e-02 3.8238636363636e-02 3.8011363636364e-02 3.8352272727273e-02 4.0710227272727e-02 3.3948863636364e-02 3.8551136363636e-02 3.7329545454545e-02 3.3238636363636e-02 3.5397727272727e-02 3.8267045454545e-02 3.9431818181818e-02 4.1392045454545e-02 3.3437500000000e-02 4.8693181818182e-02 5.5625000000000e-02 8.1960227272727e-02 
