0 3.0384709629993e-04 9.8015192354815e-06 9.8015192354815e-06 9.8015192354815e-06 1.1615780445969e-01 9.8015192354815e-06 9.8015192354815e-06 5.2046067140407e-03 6.1465327125704e-02 9.8015192354815e-06 6.4788042146533e-03 2.0583190394511e-04 9.8015192354815e-06 9.8015192354815e-06 9.8015192354815e-06 7.9500122518990e-02 9.8015192354815e-06 9.8015192354815e-06 5.9789267336437e-04 9.8015192354815e-06 9.8015192354815e-06 9.8015192354815e-06 9.8015192354815e-06 2.0583190394511e-04 7.2973290860083e-01 
1 1.2044564890093e-05 1.2044564890093e-05 1.2044564890093e-05 1.2044564890093e-05 1.2044564890093e-05 1.2044564890093e-05 1.2044564890093e-05 1.2044564890093e-05 1.2044564890093e-05 1.2044564890093e-05 1.2044564890093e-05 1.2044564890093e-05 1.2044564890093e-05 1.2044564890093e-05 1.2044564890093e-05 1.2044564890093e-05 2.1380307136405e-01 1.2044564890093e-05 1.2044564890093e-05 1.2044564890093e-05 1.3249021379103e-04 1.2044564890093e-05 1.2044564890093e-05 7.8579945799458e-01 1.2044564890093e-05 
2 3.4453057708872e-05 3.4453057708872e-05 3.4453057708872e-05 3.4453057708872e-05 3.4453057708872e-05 3.4453057708872e-05 3.4453057708872e-05 3.4453057708872e-05 3.4453057708872e-05 3.4453057708872e-05 1.7643410852713e-01 3.4453057708872e-05 3.4453057708872e-05 3.4453057708872e-05 3.4453057708872e-05 3.4453057708872e-05 3.4453057708872e-05 3.4453057708872e-05 3.4453057708872e-05 3.4453057708872e-05 8.5133505598622e-02 3.4453057708872e-05 3.4453057708872e-05 3.4453057708872e-05 7.3767441860465e-01 
3 1.0277972436347e-04 1.0277972436347e-04 9.3436113057697e-06 9.3436113057697e-06 1.0277972436347e-04 9.3436113057697e-06 9.3436113057697e-06 1.3792104648447e-01 9.3436113057697e-06 9.3436113057697e-06 9.3436113057697e-06 9.3436113057697e-06 9.3436113057697e-06 9.3436113057697e-06 9.3436113057697e-06 9.3436113057697e-06 9.3436113057697e-06 9.3436113057697e-06 9.3436113057697e-06 1.9621583742116e-04 9.3436113057697e-06 9.3436113057697e-06 9.3436113057697e-06 9.3436113057697e-06 8.6139686989021e-01 
4 1.5866719555732e-05 1.5866719555732e-05 1.5866719555732e-05 1.5866719555732e-05 1.5866719555732e-05 1.5866719555732e-05 1.5866719555732e-05 1.5866719555732e-05 1.5866719555732e-05 1.5866719555732e-05 1.5866719555732e-05 1.5866719555732e-05 1.5866719555732e-05 1.5866719555732e-05 3.3320111067037e-04 1.5866719555732e-05 1.5866719555732e-05 1.5866719555732e-05 2.5719952399841e-02 1.5866719555732e-05 1.5866719555732e-05 1.5866719555732e-05 1.5866719555732e-05 1.5866719555732e-05 9.7359777865926e-01 
5 8.2627556290023e-06 8.2627556290023e-06 8.2627556290023e-06 8.2627556290023e-06 8.2627556290023e-06 8.2627556290023e-06 8.2627556290023e-06 8.2627556290023e-06 1.9600082627556e-01 1.2650278868002e-02 9.0890311919025e-05 4.2140053707912e-04 8.2627556290023e-06 6.6928320594918e-04 8.2627556290023e-06 8.2627556290023e-06 8.2627556290023e-06 8.2627556290023e-06 8.2627556290023e-06 8.2627556290023e-06 1.5624870894443e-02 8.2627556290023e-06 8.2627556290023e-06 8.2627556290023e-06 7.7439372030572e-01 
6 1.0635469290082e-05 1.0635469290082e-05 1.0635469290082e-05 1.0635469290082e-05 1.0635469290082e-05 1.0635469290082e-05 6.4876362669503e-04 1.0635469290082e-05 2.1963307630949e-01 1.0635469290082e-05 1.0635469290082e-05 1.0741823982983e-03 1.0635469290082e-05 1.0635469290082e-05 1.0635469290082e-05 1.0635469290082e-05 1.0635469290082e-05 1.0635469290082e-05 1.0635469290082e-05 3.2969954799255e-04 1.0635469290082e-05 1.0635469290082e-05 1.0635469290082e-05 1.0635469290082e-05 7.7810156873172e-01 
7 1.5866719555732e-05 1.5866719555732e-05 1.5866719555732e-05 1.5866719555732e-05 1.5866719555732e-05 1.5866719555732e-05 1.5866719555732e-05 1.5866719555732e-05 1.5866719555732e-05 1.5866719555732e-05 1.5866719555732e-05 1.5866719555732e-05 1.5866719555732e-05 1.5866719555732e-05 1.5866719555732e-05 1.5866719555732e-05 1.5866719555732e-05 1.5866719555732e-05 1.5866719555732e-05 1.5866719555732e-05 1.5866719555732e-05 1.5866719555732e-05 1.5866719555732e-05 7.6177707259024e-01 2.3785799285998e-01 
8 9.3436113057697e-06 1.5043214202289e-03 9.3436113057697e-06 9.3436113057697e-06 9.3436113057697e-06 2.8974538659192e-02 9.3436113057697e-06 3.1861714552675e-03 9.7266993693062e-03 9.3436113057697e-06 9.3436113057697e-06 9.3436113057697e-06 9.3436113057697e-06 9.3436113057697e-06 9.3436113057697e-06 9.3436113057697e-06 9.3436113057697e-06 9.3436113057697e-06 6.5498715253445e-03 1.6911936463443e-03 1.4436813828545e-01 9.3436113057697e-06 9.3436113057697e-06 9.3436113057697e-06 8.0384022424667e-01 
9 9.5215424898834e-06 9.5215424898834e-06 9.5215424898834e-06 9.5215424898834e-06 1.0473696738872e-04 9.5215424898834e-06 9.5215424898834e-06 9.5215424898834e-06 9.5215424898834e-06 9.5215424898834e-06 9.5215424898834e-06 9.5215424898834e-06 9.5215424898834e-06 9.5215424898834e-06 1.0473696738872e-04 1.0473696738872e-04 9.5215424898834e-06 9.5215424898834e-06 9.5215424898834e-06 9.5215424898834e-06 9.8367055462985e-02 9.5215424898834e-06 9.5215424898834e-06 4.4846465127351e-03 8.9665317781481e-01 
10 8.7700065775049e-06 8.7700065775049e-06 8.7700065775049e-06 8.7700065775049e-06 8.7700065775049e-06 8.7700065775049e-06 2.8143828107871e-01 8.7700065775049e-06 8.7700065775049e-06 8.7700065775049e-06 8.7700065775049e-06 9.6470072352554e-05 2.7187020390265e-04 8.7700065775049e-06 8.7700065775049e-06 8.7700065775049e-06 8.7700065775049e-06 8.7700065775049e-06 8.7700065775049e-06 8.7700065775049e-06 8.7700065775049e-06 8.7700065775049e-06 8.7700065775049e-06 8.7700065775049e-06 7.1800920850691e-01 
11 9.8015192354815e-06 6.9590786571918e-04 9.8015192354815e-06 9.8015192354815e-06 9.8015192354815e-06 9.8015192354815e-06 9.8015192354815e-06 9.8015192354815e-06 3.0384709629993e-04 9.8015192354815e-06 9.8015192354815e-06 9.8015192354815e-06 9.8015192354815e-06 9.8015192354815e-06 1.0301396716491e-02 9.8015192354815e-06 9.8015192354815e-06 9.8015192354815e-06 9.8015192354815e-06 9.8015192354815e-06 1.3017397696643e-01 9.8015192354815e-06 1.1859838274933e-03 9.8015192354815e-06 8.5715265866209e-01 
12 9.8015192354815e-06 9.8015192354815e-06 9.8015192354815e-06 8.9193825042881e-04 1.0781671159030e-04 9.8015192354815e-06 3.0384709629993e-04 9.8015192354815e-06 9.8015192354815e-06 1.4025974025974e-02 9.8015192354815e-06 9.8015192354815e-06 1.0851261945602e-01 9.8015192354815e-06 9.8015192354815e-06 9.8015192354815e-06 9.8015192354815e-06 2.0583190394511e-04 9.8015192354815e-06 9.8015192354815e-06 9.8015192354815e-06 9.8015192354815e-06 9.8015192354815e-06 9.8015192354815e-06 8.7577554520951e-01 
13 1.8859028760019e-05 1.8859028760019e-05 1.8859028760019e-05 1.8859028760019e-05 1.8859028760019e-05 1.8859028760019e-05 1.8859028760019e-05 1.8859028760019e-05 1.8859028760019e-05 1.8859028760019e-05 1.8859028760019e-05 1.8859028760019e-05 1.9426685525695e-01 1.8859028760019e-05 1.8859028760019e-05 1.8859028760019e-05 1.8859028760019e-05 1.8859028760019e-05 1.8859028760019e-05 1.8859028760019e-05 1.8859028760019e-05 1.8859028760019e-05 1.8859028760019e-05 8.0529938708157e-01 1.8859028760019e-05 
14 9.1722082091263e-06 3.7606053657418e-04 9.1722082091263e-06 9.1722082091263e-06 1.3805090575556e-01 9.1722082091263e-06 9.1722082091263e-06 9.1722082091263e-06 9.1722082091263e-06 9.1722082091263e-06 9.1722082091263e-06 1.0089429030039e-04 9.1722082091263e-06 9.1722082091263e-06 3.8614996560422e-03 9.1722082091263e-06 9.1722082091263e-06 9.1722082091263e-06 9.1722082091263e-06 9.1722082091263e-06 9.1722082091263e-06 9.1722082091263e-06 4.4861270350837e-02 9.1722082091263e-06 8.1257509745471e-01 
15 2.1265284423179e-05 2.1265284423179e-05 2.1265284423179e-05 2.1265284423179e-05 2.1265284423179e-05 2.1265284423179e-05 2.1265284423179e-05 2.1265284423179e-05 5.1825624667730e-01 2.1265284423179e-05 2.1265284423179e-05 2.1265284423179e-05 2.1265284423179e-05 2.1265284423179e-05 2.1265284423179e-05 2.1265284423179e-05 2.1265284423179e-05 2.1265284423179e-05 2.1265284423179e-05 2.1265284423179e-05 2.1265284423179e-05 2.1265284423179e-05 2.1265284423179e-05 4.8125465178097e-01 2.1265284423179e-05 
16 1.0749798441279e-05 1.0749798441279e-05 1.0749798441279e-05 1.0749798441279e-05 1.0749798441279e-05 1.0749798441279e-05 1.0749798441279e-05 2.8282719699006e-02 1.0749798441279e-05 1.0749798441279e-05 1.0749798441279e-05 1.0749798441279e-05 1.0749798441279e-05 1.0749798441279e-05 1.0749798441279e-05 1.0749798441279e-05 1.0749798441279e-05 1.0749798441279e-05 1.0749798441279e-05 1.1824778285407e-04 1.0749798441279e-05 1.0749798441279e-05 4.4074173609245e-04 1.0749798441279e-05 9.7093254501478e-01 
17 2.2714366837024e-05 2.4985803520727e-04 2.2714366837024e-05 2.2714366837024e-05 2.4985803520727e-04 2.2714366837024e-05 2.2714366837024e-05 2.2714366837024e-05 2.2714366837024e-05 2.2714366837024e-05 2.2714366837024e-05 2.2714366837024e-05 2.2714366837024e-05 2.2714366837024e-05 2.2714366837024e-05 2.4985803520727e-04 2.2714366837024e-05 2.2714366837024e-05 2.2714366837024e-05 2.2714366837024e-05 2.2714366837024e-05 2.2714366837024e-05 2.2714366837024e-05 2.2714366837024e-05 9.9877342419080e-01 
18 9.0069804098176e-06 9.0069804098176e-06 9.0069804098176e-06 9.0069804098176e-06 9.0069804098176e-06 9.0069804098176e-06 9.0069804098176e-06 9.0069804098176e-06 7.4586804773700e-02 9.0069804098176e-06 9.0069804098176e-06 9.0069804098176e-06 9.0069804098176e-06 9.0970502139158e-04 9.0069804098176e-06 2.8912407115515e-03 9.0069804098176e-06 1.8914658860617e-04 9.0069804098176e-06 1.8914658860617e-04 9.0069804098176e-06 9.0069804098176e-06 9.0069804098176e-06 9.0069804098176e-06 9.2106282368836e-01 
19 1.2341869793274e-05 1.2341869793274e-05 1.3576056772601e-04 1.2341869793274e-05 1.2341869793274e-05 1.2341869793274e-05 1.2341869793274e-05 1.2341869793274e-05 1.2341869793274e-05 1.2341869793274e-05 2.7980253008331e-01 1.2341869793274e-05 1.3576056772601e-04 1.2341869793274e-05 1.2341869793274e-05 9.1453255168158e-03 1.2341869793274e-05 1.2341869793274e-05 1.2341869793274e-05 1.2341869793274e-05 1.2341869793274e-05 1.2341869793274e-05 1.3576056772601e-04 1.2341869793274e-05 7.1041036717063e-01 
20 1.0888393961891e-04 9.8985399653551e-06 9.8985399653551e-06 9.8985399653551e-06 9.8985399653551e-06 1.0888393961891e-04 1.3621380846325e-01 1.0888393961891e-04 9.8985399653551e-06 9.8985399653551e-06 9.8985399653551e-06 9.8985399653551e-06 1.0888393961891e-04 9.8985399653551e-06 9.8985399653551e-06 1.8145013610492e-01 9.8985399653551e-06 1.0888393961891e-04 9.8985399653551e-06 1.1977233358080e-03 9.8985399653551e-06 1.0888393961891e-04 9.8985399653551e-06 7.0279633754021e-04 6.7964365256125e-01 
21 1.7849174475680e-05 1.7849174475680e-05 1.7849174475680e-05 1.7849174475680e-05 1.9634091923249e-04 1.7849174475680e-05 1.7849174475680e-05 1.7849174475680e-05 1.7849174475680e-05 1.8027666220437e-03 3.2344489067381e-01 1.7849174475680e-05 1.7849174475680e-05 1.7849174475680e-05 1.7849174475680e-05 1.7849174475680e-05 1.7849174475680e-05 1.7849174475680e-05 1.7849174475680e-05 1.7849174475680e-05 1.7849174475680e-05 3.7483266398929e-04 1.7849174475680e-05 1.9634091923249e-04 6.7364569388666e-01 
22 2.7008777852802e-05 2.7008777852802e-05 2.7008777852802e-05 2.7008777852802e-05 2.7008777852802e-05 2.7008777852802e-05 2.7008777852802e-05 2.7008777852802e-05 2.7008777852802e-05 2.7008777852802e-05 2.7008777852802e-05 5.4044564483457e-02 2.7008777852802e-05 2.7008777852802e-05 2.7008777852802e-05 2.7008777852802e-05 2.7008777852802e-05 2.7008777852802e-05 2.7008777852802e-05 2.9709655638082e-04 2.7008777852802e-05 2.7008777852802e-05 2.7008777852802e-05 9.4506414584740e-01 2.7008777852802e-05 
23 1.1761246692149e-05 1.1761246692149e-05 1.1761246692149e-05 1.1761246692149e-05 1.1761246692149e-05 1.1761246692149e-05 1.1761246692149e-05 1.1761246692149e-05 1.1761246692149e-05 1.1761246692149e-05 1.1761246692149e-05 1.1761246692149e-05 1.1761246692149e-05 4.2705086739194e-02 1.2937371361364e-04 1.1761246692149e-05 2.3135548368127e-01 1.1761246692149e-05 1.1761246692149e-05 1.1761246692149e-05 1.1761246692149e-05 1.2937371361364e-04 1.1761246692149e-05 7.2544545721846e-01 1.1761246692149e-05 
24 8.2708475346512e-04 9.0888434446717e-06 1.1989093387866e-01 7.0629402408544e-02 9.0888434446717e-06 9.9977277891388e-05 9.0888434446717e-06 9.0888434446717e-06 1.9086571233810e-04 9.0888434446717e-06 9.0888434446717e-06 9.0888434446717e-06 2.8175414678482e-04 9.0888434446717e-06 9.0888434446717e-06 9.0888434446717e-06 1.3724153601454e-03 2.8175414678482e-04 9.0888434446717e-06 9.0888434446717e-06 5.5441945012497e-04 9.0888434446717e-06 9.9977277891388e-05 9.9977277891388e-05 8.0555328334470e-01 
25 2.9390154298310e-05 2.9390154298310e-05 2.9390154298310e-05 2.9390154298310e-05 2.9390154298310e-05 2.9390154298310e-05 2.9390154298310e-05 2.9390154298310e-05 2.9390154298310e-05 2.9390154298310e-05 2.9390154298310e-05 2.9390154298310e-05 2.9390154298310e-05 2.9390154298310e-05 2.9390154298310e-05 2.9390154298310e-05 3.1920646583395e-01 2.9390154298310e-05 2.9390154298310e-05 2.9390154298310e-05 2.9390154298310e-05 2.9390154298310e-05 2.9390154298310e-05 6.8011756061719e-01 2.9390154298310e-05 
26 2.9907164960724e-02 9.5215424898834e-06 9.5215424898834e-06 1.0473696738872e-04 9.5215424898834e-06 1.0473696738872e-04 9.5215424898834e-06 9.5215424898834e-06 9.5215424898834e-06 2.8659842894549e-03 9.5215424898834e-06 9.5215424898834e-06 9.5215424898834e-06 9.5215424898834e-06 9.5215424898834e-06 9.5215424898834e-06 9.5215424898834e-06 9.5215424898834e-06 9.5215424898834e-06 2.4004760771245e-01 1.9995239228755e-04 9.5215424898834e-06 9.5215424898834e-06 4.4552249464413e-01 2.8108545584385e-01 
27 3.1225604996097e-05 3.1225604996097e-05 3.1225604996097e-05 3.1225604996097e-05 3.1225604996097e-05 3.1225604996097e-05 3.1225604996097e-05 3.1225604996097e-05 1.6864949258392e-01 3.1225604996097e-05 3.1225604996097e-05 3.1225604996097e-05 3.1225604996097e-05 3.1225604996097e-05 3.1225604996097e-05 3.1225604996097e-05 3.1225604996097e-05 3.1225604996097e-05 3.1225604996097e-05 3.1225604996097e-05 3.1225604996097e-05 3.1225604996097e-05 3.1225604996097e-05 8.3063231850117e-01 3.1225604996097e-05 
28 1.8509949097640e-05 1.8509949097640e-05 1.8509949097640e-05 1.8509949097640e-05 1.8509949097640e-05 1.8509949097640e-05 1.8509949097640e-05 1.8509949097640e-05 5.0920869967608e-02 1.8509949097640e-05 1.8509949097640e-05 1.8509949097640e-05 1.8509949097640e-05 2.0360944007404e-04 1.8509949097640e-05 2.2397038408144e-03 1.8509949097640e-05 1.8509949097640e-05 1.8509949097640e-05 1.8509949097640e-05 1.8509949097640e-05 1.8509949097640e-05 5.9805645534475e-02 1.0034243405831e-01 7.8613604812587e-01 
29 5.2689538331216e-03 1.6941973739941e-05 1.6941973739941e-05 1.6941973739941e-05 1.6941973739941e-05 1.6941973739941e-05 5.2520118593816e-04 1.6941973739941e-05 1.6941973739941e-05 1.6941973739941e-05 1.6941973739941e-05 1.6941973739941e-05 2.2466751376535e-01 1.6941973739941e-05 1.6941973739941e-05 1.6941973739941e-05 5.2520118593816e-04 1.6941973739941e-05 1.6941973739941e-05 1.6941973739941e-05 1.6941973739941e-05 1.6941973739941e-05 1.6941973739941e-05 7.6867429055485e-01 1.6941973739941e-05 
30 2.7758501040944e-05 2.7758501040944e-05 2.7758501040944e-05 2.7758501040944e-05 2.7758501040944e-05 2.7758501040944e-05 2.7758501040944e-05 2.7758501040944e-05 7.6086051353227e-02 2.7758501040944e-05 2.7758501040944e-05 2.7758501040944e-05 2.7758501040944e-05 2.7758501040944e-05 2.7758501040944e-05 2.7758501040944e-05 2.7758501040944e-05 2.7758501040944e-05 2.7758501040944e-05 2.7758501040944e-05 2.7758501040944e-05 2.7758501040944e-05 1.1380985426787e-03 9.2133240804997e-01 8.6051353226925e-04 
31 1.0749798441279e-05 1.0749798441279e-05 1.0749798441279e-05 1.0749798441279e-05 1.0749798441279e-05 1.1728030099436e-02 1.0749798441279e-05 1.0749798441279e-05 1.0749798441279e-05 1.5717280300994e-01 1.0749798441279e-05 1.0749798441279e-05 1.0749798441279e-05 1.0749798441279e-05 1.0749798441279e-05 1.0749798441279e-05 1.0749798441279e-05 1.0749798441279e-05 1.0749798441279e-05 1.0749798441279e-05 1.0749798441279e-05 1.0749798441279e-05 1.0749798441279e-05 1.0749798441279e-05 8.3086267132491e-01 
32 1.0866612333605e-05 1.0866612333605e-05 1.0866612333605e-05 1.0866612333605e-05 1.0866612333605e-05 1.0866612333605e-05 1.1953273566965e-04 1.0866612333605e-05 1.0866612333605e-05 3.4881825590872e-03 1.0866612333605e-05 1.0866612333605e-05 1.5649008421625e-01 1.0866612333605e-05 1.0866612333605e-05 1.0866612333605e-05 1.0866612333605e-05 1.0866612333605e-05 2.0755229557186e-03 1.0866612333605e-05 1.0866612333605e-05 1.0866612333605e-05 1.0866612333605e-05 1.0866612333605e-05 8.3760934528661e-01 
33 2.9390154298310e-05 2.9390154298310e-05 2.9390154298310e-05 2.9390154298310e-05 2.9390154298310e-05 3.2329169728141e-04 2.9390154298310e-05 2.9390154298310e-05 2.9390154298310e-05 2.9390154298310e-05 2.9390154298310e-05 2.9390154298310e-05 2.9390154298310e-05 3.2567229977957e-01 2.9390154298310e-05 3.2329169728141e-04 1.2049963262307e-03 3.2329169728141e-04 2.9390154298310e-05 2.9390154298310e-05 2.9390154298310e-05 2.9390154298310e-05 2.9390154298310e-05 1.2049963262307e-03 6.7041880969875e-01 
34 1.6659725114536e-05 1.6659725114536e-05 1.6659725114536e-05 1.6659725114536e-05 1.6659725114536e-05 1.6659725114536e-05 1.6659725114536e-05 1.6659725114536e-05 1.6659725114536e-05 1.6659725114536e-05 1.6659725114536e-05 1.6659725114536e-05 1.6659725114536e-05 1.6659725114536e-05 1.6659725114536e-05 1.6659725114536e-05 1.9510204081633e-01 1.6659725114536e-05 1.6659725114536e-05 1.6659725114536e-05 1.6659725114536e-05 1.6659725114536e-05 1.6659725114536e-05 1.6659725114536e-05 8.0451478550604e-01 
35 1.1490950876185e-05 1.1490950876185e-05 1.1490950876185e-05 1.1490950876185e-05 1.1490950876185e-05 1.1490950876185e-05 1.1490950876185e-05 1.0929043378340e-01 1.1490950876185e-05 1.1490950876185e-05 1.1490950876185e-05 1.1490950876185e-05 1.1490950876185e-05 1.1490950876185e-05 2.4130996839989e-04 1.1490950876185e-05 1.1490950876185e-05 1.1490950876185e-05 1.1490950876185e-05 1.1490950876185e-05 1.1490950876185e-05 4.7112898592359e-04 1.1490950876185e-05 1.1490950876185e-05 8.8975581729388e-01 
36 1.0985992859105e-05 1.0985992859105e-05 1.0985992859105e-05 1.0985992859105e-05 1.3293051359517e-03 1.0985992859105e-05 1.0985992859105e-05 1.0985992859105e-05 1.0985992859105e-05 1.0985992859105e-05 1.0985992859105e-05 1.0985992859105e-05 4.4174677286460e-02 2.3070585004120e-04 1.0985992859105e-05 1.2084592145015e-04 1.0985992859105e-05 1.0985992859105e-05 1.0985992859105e-05 1.0985992859105e-05 1.0985992859105e-05 1.0985992859105e-05 1.0985992859105e-05 1.0985992859105e-05 9.5392474594892e-01 
37 1.0997250687328e-04 9.9975006248438e-06 6.0984753811547e-04 9.9975006248438e-06 9.9975006248438e-06 9.9975006248438e-06 9.9975006248438e-06 1.0997250687328e-04 9.9975006248438e-06 2.0994751312172e-04 5.0987253186703e-04 9.9975006248438e-06 9.9975006248438e-06 5.2086978255436e-03 1.0997250687328e-04 3.0992251937016e-04 5.9795051237191e-02 9.9975006248438e-06 9.9975006248438e-06 9.9975006248438e-06 7.5291177205699e-02 9.9975006248438e-06 9.9975006248438e-06 9.9975006248438e-06 8.5759560109972e-01 
38 2.1727322107550e-05 2.1727322107550e-05 2.1727322107550e-05 2.1727322107550e-05 2.1727322107550e-05 2.1727322107550e-05 2.1727322107550e-05 2.1727322107550e-05 2.1727322107550e-05 2.1727322107550e-05 2.1727322107550e-05 2.1727322107550e-05 2.1727322107550e-05 2.1727322107550e-05 2.1727322107550e-05 2.1727322107550e-05 2.1727322107550e-05 2.1727322107550e-05 2.1727322107550e-05 2.1727322107550e-05 2.1727322107550e-05 2.1727322107550e-05 2.1727322107550e-05 2.1727322107550e-05 9.9947854426942e-01 
39 1.1108025548459e-05 1.1108025548459e-05 1.1108025548459e-05 1.1108025548459e-05 1.1108025548459e-05 1.1108025548459e-05 1.1108025548459e-05 1.1108025548459e-05 1.1108025548459e-05 1.1108025548459e-05 1.1108025548459e-05 1.1108025548459e-05 6.2216051096918e-02 1.2218828103305e-04 1.1108025548459e-05 1.1108025548459e-05 1.1108025548459e-05 1.1108025548459e-05 1.1108025548459e-05 8.0544293251874e-02 1.1108025548459e-05 1.1108025548459e-05 1.1108025548459e-05 1.1108025548459e-05 8.5688419883366e-01 
40 7.9349335449316e-06 7.9349335449316e-06 7.9349335449316e-06 7.9349335449316e-06 1.9916683197778e-03 7.9349335449316e-06 7.9349335449316e-06 7.9349335449316e-06 7.9349335449316e-06 2.4598293989288e-04 7.9349335449316e-06 7.9349335449316e-06 7.9349335449316e-06 7.9349335449316e-06 7.9349335449316e-06 2.3440587185082e-01 1.6663360444356e-04 7.9349335449316e-06 7.9349335449316e-06 7.9349335449316e-06 4.6101963896052e-03 7.9349335449316e-06 7.9349335449316e-06 7.9349335449316e-06 7.5842888315810e-01 
41 9.0069804098176e-06 9.0069804098176e-06 9.0069804098176e-06 9.0069804098176e-06 9.0069804098176e-06 6.9723035352398e-02 9.0069804098176e-06 9.0069804098176e-06 8.1963521729340e-04 9.0069804098176e-06 9.0069804098176e-06 9.9076784507994e-05 9.0069804098176e-06 9.0069804098176e-06 9.0069804098176e-06 9.0069804098176e-06 1.1808151317271e-02 9.0069804098176e-06 9.0069804098176e-06 9.0069804098176e-06 9.0069804098176e-06 9.0069804098176e-06 9.0069804098176e-06 9.0069804098176e-06 9.1736996172033e-01 
42 3.7002775208141e-05 3.7002775208141e-05 3.7002775208141e-05 3.7002775208141e-05 3.7002775208141e-05 3.7002775208141e-05 3.7002775208141e-05 3.7002775208141e-05 3.7002775208141e-05 3.7002775208141e-05 3.7002775208141e-05 3.7002775208141e-05 3.7002775208141e-05 3.7002775208141e-05 3.7002775208141e-05 3.7002775208141e-05 3.7002775208141e-05 3.7002775208141e-05 3.7002775208141e-05 3.7002775208141e-05 3.7002775208141e-05 3.7002775208141e-05 1.3990749306198e-01 8.5924144310823e-01 3.7002775208141e-05 
43 9.7063819461296e-06 9.7063819461296e-06 9.7063819461296e-06 9.7063819461296e-06 9.7063819461296e-06 9.7063819461296e-06 1.7307449648144e-01 9.7063819461296e-06 9.7063819461296e-06 9.7063819461296e-06 5.9208929871391e-04 9.7063819461296e-06 9.7063819461296e-06 9.7063819461296e-06 9.7063819461296e-06 9.7063819461296e-06 4.9502547925261e-04 9.7063819461296e-06 9.7063819461296e-06 9.7063819461296e-06 9.7063819461296e-06 9.7063819461296e-06 9.7063819461296e-06 9.7063819461296e-06 8.2563455471973e-01 
44 1.9221528111485e-05 1.9221528111485e-05 1.9221528111485e-05 1.9221528111485e-05 1.9221528111485e-05 1.9221528111485e-05 1.9221528111485e-05 1.9221528111485e-05 1.9221528111485e-05 1.9221528111485e-05 1.9221528111485e-05 1.9221528111485e-05 1.9221528111485e-05 1.9221528111485e-05 2.1143680922633e-04 1.9221528111485e-05 1.9221528111485e-05 1.9221528111485e-05 1.9221528111485e-05 1.9221528111485e-05 1.9221528111485e-05 1.9221528111485e-05 2.1143680922633e-04 9.9915425276310e-01 1.9221528111485e-05 
45 1.0201479214486e-05 2.1525121142566e-03 1.1221627135935e-04 1.6098954348381e-01 2.1423106350421e-04 1.1221627135935e-04 1.0201479214486e-05 1.0201479214486e-05 1.9484825299668e-03 1.0201479214486e-05 5.2027543993879e-04 1.0201479214486e-05 1.0201479214486e-05 1.0201479214486e-05 1.0201479214486e-05 1.0201479214486e-05 4.1826064779393e-04 1.0201479214486e-05 1.0201479214486e-05 1.0201479214486e-05 1.0201479214486e-05 1.0201479214486e-05 4.1826064779393e-04 1.1221627135935e-04 8.3285896454986e-01 
46 1.1490950876185e-05 1.1490950876185e-05 1.1490950876185e-05 3.5621947716174e-04 1.1490950876185e-05 1.1490950876185e-05 1.1490950876185e-05 4.9525998276357e-03 1.1490950876185e-05 1.1490950876185e-05 3.5621947716174e-04 1.2916977879920e-01 1.1490950876185e-05 1.1490950876185e-05 1.1490950876185e-05 3.5621947716174e-04 1.1490950876185e-05 1.1490950876185e-05 1.1490950876185e-05 1.1490950876185e-05 1.4261419132433e-01 1.1490950876185e-05 1.1490950876185e-05 7.2198793450158e-01 1.1490950876185e-05 
47 9.8985399653551e-06 6.0381093788666e-04 1.0987379361544e-03 9.8985399653551e-06 9.8985399653551e-06 9.8985399653551e-06 9.8985399653551e-06 9.8985399653551e-06 9.8985399653551e-06 9.8985399653551e-06 9.8985399653551e-06 1.0888393961891e-04 9.8985399653551e-06 9.8985399653551e-06 2.0994803266518e-02 9.8985399653551e-06 9.8985399653551e-06 9.8985399653551e-06 9.8985399653551e-06 1.9926750804256e-01 9.8985399653551e-06 9.8985399653551e-06 1.0888393961891e-04 9.8985399653551e-06 7.7763919821826e-01 
48 2.7008777852802e-05 2.7008777852802e-05 2.7008777852802e-05 2.7008777852802e-05 2.7008777852802e-05 2.7008777852802e-05 2.7008777852802e-05 2.7008777852802e-05 2.9979743416610e-03 2.7008777852802e-05 2.7008777852802e-05 2.7008777852802e-05 2.7008777852802e-05 2.7008777852802e-05 2.7008777852802e-05 2.7008777852802e-05 2.7008777852802e-05 2.7008777852802e-05 2.7008777852802e-05 2.7008777852802e-05 2.7008777852802e-05 2.7008777852802e-05 2.7008777852802e-05 5.6718433490885e-04 9.9584064821067e-01 
49 1.8859028760019e-05 1.8859028760019e-05 2.0744931636021e-04 2.0744931636021e-04 1.8859028760019e-05 1.8859028760019e-05 1.8859028760019e-05 1.8859028760019e-05 2.0744931636021e-04 1.8859028760019e-05 1.8859028760019e-05 1.8859028760019e-05 1.8859028760019e-05 1.8859028760019e-05 1.8859028760019e-05 1.8859028760019e-05 1.8859028760019e-05 1.8859028760019e-05 1.8859028760019e-05 3.9603960396040e-04 2.0744931636021e-04 1.8859028760019e-05 1.8859028760019e-05 9.9841584158416e-01 1.8859028760019e-05 
50 1.9221528111485e-05 1.9221528111485e-05 1.9221528111485e-05 1.9221528111485e-05 1.9221528111485e-05 1.9221528111485e-05 1.9221528111485e-05 1.9221528111485e-05 2.1143680922633e-04 1.9221528111485e-05 1.9221528111485e-05 2.1143680922633e-04 1.9221528111485e-05 1.9221528111485e-05 1.9221528111485e-05 1.9221528111485e-05 3.6713118692936e-03 1.7491590581451e-03 1.9221528111485e-05 1.9221528111485e-05 1.9221528111485e-05 5.0168188370975e-03 2.1143680922633e-04 1.9221528111485e-05 9.8858241230178e-01 
51 1.6659725114536e-05 1.6659725114536e-05 1.6659725114536e-05 1.8325697625989e-04 1.6659725114536e-05 1.6659725114536e-05 1.6659725114536e-05 1.6659725114536e-05 1.6659725114536e-05 1.6659725114536e-05 1.8325697625989e-04 1.6659725114536e-05 1.6659725114536e-05 1.6659725114536e-05 1.6659725114536e-05 1.6659725114536e-05 1.6659725114536e-05 1.6659725114536e-05 1.6659725114536e-05 1.6659725114536e-05 1.6659725114536e-05 1.6659725114536e-05 1.6659725114536e-05 6.8922948771345e-01 3.1005414410662e-01 
52 1.0635469290082e-05 3.2012762563148e-03 1.0635469290082e-05 1.0635469290082e-05 1.0635469290082e-05 1.0583355490561e-01 1.0635469290082e-05 1.0635469290082e-05 1.0635469290082e-05 1.4793937782505e-02 1.0635469290082e-05 1.0635469290082e-05 1.0635469290082e-05 1.0635469290082e-05 1.0635469290082e-05 1.0635469290082e-05 2.2334485509173e-04 2.2334485509173e-04 1.0635469290082e-05 9.6782770539750e-04 1.0635469290082e-05 1.0635469290082e-05 1.0635469290082e-05 1.1699016219091e-04 8.7445892049987e-01 
53 9.8015192354815e-06 9.8015192354815e-06 3.5383484440088e-03 9.8015192354815e-06 9.8015192354815e-06 9.8015192354815e-06 9.8015192354815e-06 9.8015192354815e-06 9.8015192354815e-06 9.8015192354815e-06 9.8015192354815e-06 9.1252144082333e-03 9.8015192354815e-06 9.8015192354815e-06 9.8015192354815e-06 9.8015192354815e-06 9.8015192354815e-06 8.9193825042881e-04 1.8720901739770e-03 3.2060769419260e-02 9.8015192354815e-06 9.8015192354815e-06 2.3621661357510e-03 9.8015192354815e-06 9.4997304582210e-01 
54 9.8985399653551e-06 9.8985399653551e-06 9.8985399653551e-06 9.8985399653551e-06 1.7986636971047e-01 1.0888393961891e-04 9.8985399653551e-06 9.8985399653551e-06 9.8985399653551e-06 9.8985399653551e-06 9.8985399653551e-06 9.8985399653551e-06 9.8985399653551e-06 9.8985399653551e-06 9.8985399653551e-06 9.8985399653551e-06 9.8985399653551e-06 9.8985399653551e-06 9.8985399653551e-06 1.0888393961891e-04 9.8985399653551e-06 1.0888393961891e-04 9.8985399653551e-06 9.8985399653551e-06 8.1960900767137e-01 
55 8.8476000884760e-06 8.8476000884760e-06 8.8476000884760e-06 8.8476000884760e-06 8.8476000884760e-06 9.7323600973236e-05 8.8476000884760e-06 8.8476000884760e-06 8.8476000884760e-06 8.8476000884760e-06 8.8476000884760e-06 8.8476000884760e-06 8.8476000884760e-06 8.8476000884760e-06 8.8476000884760e-06 1.8579960185800e-04 8.8476000884760e-06 8.8476000884760e-06 8.8476000884760e-06 8.8476000884760e-06 8.8476000884760e-06 8.8476000884760e-06 8.8476000884760e-06 8.8476000884760e-06 9.9952222959522e-01 
56 2.9390154298310e-05 2.9390154298310e-05 2.9390154298310e-05 2.9390154298310e-05 2.9390154298310e-05 2.9390154298310e-05 2.9390154298310e-05 2.9390154298310e-05 2.9390154298310e-05 2.9390154298310e-05 2.9390154298310e-05 2.9390154298310e-05 2.9390154298310e-05 2.9390154298310e-05 2.9390154298310e-05 2.9390154298310e-05 2.9390154298310e-05 2.9390154298310e-05 2.9390154298310e-05 2.9390154298310e-05 2.9390154298310e-05 2.9390154298310e-05 2.9390154298310e-05 2.9390154298310e-05 9.9929463629684e-01 
57 9.0888434446717e-06 2.1904112701659e-03 9.0888434446717e-06 9.0888434446717e-06 9.0888434446717e-06 9.0888434446717e-06 9.0888434446717e-06 8.2708475346512e-04 9.0888434446717e-06 9.0888434446717e-06 9.0888434446717e-06 9.0888434446717e-06 9.0888434446717e-06 9.0888434446717e-06 9.0888434446717e-06 9.0888434446717e-06 9.0888434446717e-06 9.0888434446717e-06 9.0888434446717e-06 9.0888434446717e-06 9.0888434446717e-06 9.0888434446717e-06 8.2626675755510e-02 9.0888434446717e-06 9.1416496250852e-01 
58 1.0888393961891e-04 1.0888393961891e-04 1.0888393961891e-04 1.9134867607028e-01 9.8985399653551e-06 9.8985399653551e-06 9.8985399653551e-06 2.2865627319970e-03 9.8985399653551e-06 9.8985399653551e-06 9.8985399653551e-06 9.8985399653551e-06 2.0786933927246e-04 9.8985399653551e-06 9.8985399653551e-06 2.0786933927246e-04 1.0888393961891e-04 9.8985399653551e-06 1.7827270477605e-02 9.8985399653551e-06 9.8985399653551e-06 1.0888393961891e-04 2.0786933927246e-04 1.3956941351151e-03 7.8585498638951e-01 
59 9.0702947845805e-05 9.9773242630385e-04 9.0702947845805e-05 9.0702947845805e-05 9.0702947845805e-05 9.0702947845805e-05 9.0702947845805e-05 9.0702947845805e-05 9.0702947845805e-05 9.0702947845805e-05 9.0702947845805e-05 9.0702947845805e-05 9.0702947845805e-05 9.0702947845805e-05 9.9773242630385e-04 9.0702947845805e-05 9.0702947845805e-05 9.0702947845805e-05 9.0702947845805e-05 9.0702947845805e-05 9.0702947845805e-05 9.0702947845805e-05 9.0702947845805e-05 9.0702947845805e-05 9.9600907029478e-01 
60 1.2461059190031e-04 1.2461059190031e-04 1.2461059190031e-04 1.2461059190031e-04 1.2461059190031e-04 1.2461059190031e-04 1.2461059190031e-04 1.2461059190031e-04 1.2461059190031e-04 1.2461059190031e-04 1.2461059190031e-04 1.2461059190031e-04 1.2461059190031e-04 1.2461059190031e-04 1.2461059190031e-04 1.2461059190031e-04 1.2461059190031e-04 1.2461059190031e-04 1.2461059190031e-04 1.2461059190031e-04 1.2461059190031e-04 1.2461059190031e-04 1.2461059190031e-04 5.9825545171340e-01 3.9887850467290e-01 
61 9.9975006248438e-06 9.9975006248438e-06 9.9975006248438e-06 9.9975006248438e-06 9.9975006248438e-06 9.9975006248438e-06 9.9975006248438e-06 1.0997250687328e-04 9.9975006248438e-06 9.9975006248438e-06 1.0997250687328e-04 9.9975006248438e-06 6.5093726568358e-02 9.9975006248438e-06 2.9092726818295e-03 9.9975006248438e-06 9.9975006248438e-06 9.9975006248438e-06 1.4206448387903e-02 1.3096725818545e-03 9.9975006248438e-06 9.9975006248438e-06 9.9975006248438e-06 9.9975006248438e-06 9.1608097975506e-01 
62 4.1034185578857e-02 1.1490950876185e-05 1.1490950876185e-05 1.1490950876185e-05 1.1490950876185e-05 1.1490950876185e-05 1.1490950876185e-05 1.1490950876185e-05 1.1490950876185e-05 1.2640045963803e-04 1.1490950876185e-05 1.1490950876185e-05 1.1490950876185e-05 3.5621947716174e-04 1.1490950876185e-05 8.1585751220914e-04 1.1490950876185e-05 1.1490950876185e-05 1.1490950876185e-05 1.1490950876185e-05 1.1490950876185e-05 1.2640045963803e-04 1.1490950876185e-05 1.1490950876185e-05 9.5732260844585e-01 
63 9.8015192354815e-06 9.8015192354815e-06 9.8015192354815e-06 9.8015192354815e-06 8.0470472923303e-03 9.8015192354815e-06 9.8015192354815e-06 9.8015192354815e-06 9.8015192354815e-06 9.8015192354815e-06 1.3535898064200e-02 3.5383484440088e-03 1.9741239892183e-01 9.8015192354815e-06 9.8015192354815e-06 9.8015192354815e-06 9.8015192354815e-06 9.8015192354815e-06 1.2839990198481e-03 9.8015192354815e-06 9.8015192354815e-06 9.8015192354815e-06 9.8015192354815e-06 3.0384709629993e-04 7.7570203381524e-01 
64 9.0888434446717e-06 5.5441945012497e-04 9.0888434446717e-06 9.0888434446717e-06 9.0888434446717e-06 1.0925698704840e-01 9.0888434446717e-06 9.0888434446717e-06 9.0888434446717e-06 9.0888434446717e-06 9.0888434446717e-06 9.9977277891388e-05 9.0888434446717e-06 9.0888434446717e-06 9.0888434446717e-06 9.0888434446717e-06 9.0888434446717e-06 9.0888434446717e-06 9.0888434446717e-06 9.0888434446717e-06 9.0888434446717e-06 9.9977277891388e-05 3.7264258123154e-04 9.0888434446717e-06 8.8944330833901e-01 
65 1.3508949679162e-05 1.3508949679162e-05 1.3508949679162e-05 1.4859844647079e-04 1.3508949679162e-05 1.3508949679162e-05 1.3508949679162e-05 1.3508949679162e-05 1.2036474164134e-02 1.3508949679162e-05 1.3508949679162e-05 1.3508949679162e-05 1.3508949679162e-05 1.3508949679162e-05 1.3508949679162e-05 1.3508949679162e-05 1.3508949679162e-05 9.0658561296859e-02 1.3508949679162e-05 1.3508949679162e-05 1.3508949679162e-05 1.3508949679162e-05 1.3508949679162e-05 1.3508949679162e-05 8.9687267814927e-01 
66 1.4487504527345e-05 1.4487504527345e-05 1.4487504527345e-05 1.5936254980080e-04 1.4487504527345e-05 1.4487504527345e-05 1.4487504527345e-05 1.4487504527345e-05 1.5936254980080e-04 1.4487504527345e-05 1.4487504527345e-05 1.4487504527345e-05 1.5936254980080e-04 4.9402390438247e-03 1.4487504527345e-05 1.4487504527345e-05 1.4487504527345e-05 1.4487504527345e-05 1.4487504527345e-05 1.4487504527345e-05 1.4487504527345e-05 1.4487504527345e-05 3.0423759507425e-04 9.9385729808040e-01 1.5936254980080e-04 
67 1.0277972436347e-04 9.3436113057697e-06 9.3436113057697e-06 9.3436113057697e-06 9.3436113057697e-06 9.3436113057697e-06 9.3436113057697e-06 1.0277972436347e-04 9.3436113057697e-06 9.3436113057697e-06 9.3436113057697e-06 9.3436113057697e-06 6.7096472786732e-02 1.0277972436347e-04 9.3436113057697e-06 9.3436113057697e-06 9.3436113057697e-06 9.3436113057697e-06 1.0277972436347e-04 9.3436113057697e-06 9.3436113057697e-06 1.0277972436347e-04 1.0064003737445e-01 5.6996028965195e-04 8.3103013314646e-01 
68 2.2209883398112e-05 2.2209883398112e-05 2.2209883398112e-05 2.2209883398112e-05 2.2209883398112e-05 2.2209883398112e-05 2.2209883398112e-05 2.2209883398112e-05 2.2209883398112e-05 2.2209883398112e-05 2.2209883398112e-05 2.2209883398112e-05 2.2209883398112e-05 2.2209883398112e-05 2.2209883398112e-05 2.2209883398112e-05 2.2209883398112e-05 2.2209883398112e-05 2.2209883398112e-05 2.2209883398112e-05 2.2209883398112e-05 2.5010549694614e-01 2.2209883398112e-05 2.2209883398112e-05 7.4938367573570e-01 
69 1.8859028760019e-05 1.8859028760019e-05 1.8859028760019e-05 1.8859028760019e-05 1.8859028760019e-05 1.8859028760019e-05 1.8859028760019e-05 1.8859028760019e-05 1.8859028760019e-05 1.8859028760019e-05 1.8859028760019e-05 1.8859028760019e-05 1.8859028760019e-05 1.8859028760019e-05 1.8859028760019e-05 1.8859028760019e-05 3.8153701084394e-01 1.8859028760019e-05 1.8859028760019e-05 1.8859028760019e-05 1.8859028760019e-05 1.8859028760019e-05 1.8859028760019e-05 1.8859028760019e-05 6.1802923149458e-01 
70 1.2496449872195e-04 1.1360408974723e-05 1.1360408974723e-05 1.1360408974723e-05 1.3417779040045e-01 1.1360408974723e-05 1.1360408974723e-05 1.2496449872195e-04 1.1360408974723e-05 1.1360408974723e-05 1.1360408974723e-05 6.9298494745811e-04 1.1360408974723e-05 1.1360408974723e-05 1.1360408974723e-05 1.6018176654359e-03 1.1360408974723e-05 1.1360408974723e-05 1.1360408974723e-05 1.2507810281170e-02 1.1360408974723e-05 1.1360408974723e-05 1.1360408974723e-05 1.1360408974723e-05 8.5056518034649e-01 
71 9.9975006248438e-06 9.9975006248438e-06 9.9975006248438e-06 9.9975006248438e-06 9.9975006248438e-06 9.9975006248438e-06 9.9975006248438e-06 4.0989752561859e-04 9.9975006248438e-06 9.9975006248438e-06 9.9975006248438e-06 9.9975006248438e-06 9.9975006248438e-06 9.9975006248438e-06 9.9975006248438e-06 2.5903524118970e-02 9.9975006248438e-06 9.9975006248438e-06 9.9975006248438e-06 9.9975006248438e-06 5.0087478130467e-03 1.2387903024244e-01 9.9975006248438e-06 9.9975006248438e-06 8.4459885028743e-01 
72 9.0069804098176e-06 9.0069804098176e-06 9.9076784507994e-05 9.0069804098176e-06 9.0069804098176e-06 2.0806124746679e-03 2.1725737446521e-01 9.0069804098176e-06 9.0069804098176e-06 9.0069804098176e-06 9.0069804098176e-06 9.0069804098176e-06 9.0069804098176e-06 9.0069804098176e-06 9.0069804098176e-06 9.0069804098176e-06 9.0069804098176e-06 9.0069804098176e-06 9.9076784507994e-05 9.0069804098176e-06 9.0069804098176e-06 9.0069804098176e-06 9.0069804098176e-06 9.0069804098176e-06 7.8028371988291e-01 
73 2.7008777852802e-05 2.7008777852802e-05 2.7008777852802e-05 2.7008777852802e-05 2.7008777852802e-05 2.7008777852802e-05 2.7008777852802e-05 2.7008777852802e-05 2.7008777852802e-05 2.7008777852802e-05 2.7008777852802e-05 2.7008777852802e-05 2.7008777852802e-05 2.7008777852802e-05 2.7008777852802e-05 2.7008777852802e-05 2.7008777852802e-05 2.7008777852802e-05 2.7008777852802e-05 2.7008777852802e-05 2.7008777852802e-05 2.7008777852802e-05 2.7008777852802e-05 1.0914247130317e-01 8.9023632680621e-01 
74 1.3508949679162e-05 1.3508949679162e-05 7.4312732185073e-02 1.4859844647079e-04 1.3508949679162e-05 1.3508949679162e-05 1.3508949679162e-05 1.3508949679162e-05 1.3508949679162e-05 1.3508949679162e-05 1.3508949679162e-05 1.3508949679162e-05 1.3508949679162e-05 1.3508949679162e-05 1.3508949679162e-05 1.3508949679162e-05 1.3508949679162e-05 1.4859844647079e-04 4.1877744005404e-04 1.3508949679162e-05 1.3508949679162e-05 1.3508949679162e-05 1.3508949679162e-05 9.2470111448835e-01 1.3508949679162e-05 
75 1.5618898867630e-05 1.5618898867630e-05 1.5618898867630e-05 1.5618898867630e-05 1.5618898867630e-05 1.5618898867630e-05 1.5618898867630e-05 1.5618898867630e-05 1.5618898867630e-05 1.5618898867630e-05 1.5618898867630e-05 1.5618898867630e-05 1.5618898867630e-05 7.9812573213588e-03 1.5618898867630e-05 1.5618898867630e-05 2.9911753221398e-01 1.2651308082780e-03 1.5618898867630e-05 1.5618898867630e-05 1.5618898867630e-05 1.5618898867630e-05 1.5618898867630e-05 1.5618898867630e-05 6.9130808278016e-01 
76 1.3693940431359e-05 1.3693940431359e-05 1.3693940431359e-05 1.5063334474495e-04 1.3693940431359e-05 1.3693940431359e-05 1.3693940431359e-05 1.3693940431359e-05 1.3693940431359e-05 1.3693940431359e-05 1.2709346114344e-01 1.3693940431359e-05 1.3693940431359e-05 1.3693940431359e-05 1.3693940431359e-05 1.2462855186580e-01 1.3693940431359e-05 1.3693940431359e-05 1.3693940431359e-05 1.3693940431359e-05 1.3693940431359e-05 1.3693940431359e-05 1.3693940431359e-05 1.5063334474495e-04 7.4770284149264e-01 
77 3.3305578684430e-05 3.3305578684430e-05 3.3305578684430e-05 3.3305578684430e-05 3.3305578684430e-05 3.3305578684430e-05 3.3305578684430e-05 3.3305578684430e-05 3.3305578684430e-05 3.3305578684430e-05 3.3305578684430e-05 3.3305578684430e-05 3.3305578684430e-05 3.3305578684430e-05 3.3305578684430e-05 3.3305578684430e-05 3.3305578684430e-05 3.3305578684430e-05 3.3305578684430e-05 3.3305578684430e-05 3.3305578684430e-05 3.3305578684430e-05 3.3305578684430e-05 9.9920066611158e-01 3.3305578684430e-05 
78 2.0583190394511e-04 9.8015192354815e-06 9.8015192354815e-06 9.8015192354815e-06 9.8015192354815e-06 9.8015192354815e-06 9.8015192354815e-06 1.0781671159030e-04 1.0781671159030e-04 9.8015192354815e-06 5.9789267336437e-04 9.8015192354815e-06 9.8015192354815e-06 9.8015192354815e-06 1.2693947561872e-01 9.8015192354815e-06 9.8015192354815e-06 9.8015192354815e-06 9.8015192354815e-06 9.8015192354815e-06 7.1462876745896e-02 9.8015192354815e-06 9.8015192354815e-06 8.0040186228865e-01 9.8015192354815e-06 
